 1.3333333333333333
 2.333333333333333
 [[ 0.  1.]
 [ 1.  0.]]
 2.25
 3.25
 [[ 0.  1.]
 [ 1.  0.]]
 3.3580246913580245
 4.135802469135802
 [[ 0.99316088  0.1167539 ]
 [-0.1167539   0.99316088]]
 1.24
 4.32
 [[ 0.99853504  0.05410886]
 [-0.05410886  0.99853504]]
 6.666666666666666
 6.666666666666666
 [[ 0.81124219  0.58471028]
 [-0.58471028  0.81124219]]
 4.25
 4.75
 [[ 0.87464248  0.48476853]
 [-0.48476853  0.87464248]]
 5.119999999999999
 4.92
 [[ 0.88302686  0.46932246]
 [-0.46932246  0.88302686]]
 5.875
 6.375
 [[ 0.96839498  0.24942165]
 [-0.24942165  0.96839498]]
 5.753086419753087
 6.3086419753086425
 [[ 0.97492514  0.22253309]
 [-0.22253309  0.97492514]]
 1.5899999999999996
 3.56
 [[ 0.99274158  0.12026701]
 [-0.12026701  0.99274158]]
 5.880000000000001
 6.28
 [[ 0.8459021   0.53333821]
 [-0.53333821  0.8459021 ]]
 5.416666666666667
 5.916666666666667
 [[ 0.88611393  0.46346747]
 [-0.46346747  0.88611393]]
 5.122448979591837
 5.6938775510204085
 [[ 0.91314237  0.4076408 ]
 [-0.4076408   0.91314237]]
 2.1875
 3.859375
 [[ 0.96528498  0.26119897]
 [-0.26119897  0.96528498]]
 8.559999999999999
 8.76
 [[ 0.77143136  0.63631255]
 [-0.63631255  0.77143136]]
 4.388888888888888
 5.055555555555555
 [[ 0.81665389  0.57712774]
 [-0.57712774  0.81665389]]
 1.1428571428571428
 2.142857142857143
 [[ 0.  1.]
 [ 1.  0.]]
 2.359375
 5.0625
 [[ 0.93005951  0.3674089 ]
 [-0.3674089   0.93005951]]
 5.444444444444445
 6.111111111111112
 [[ 0.48215553 -0.87608564]
 [-0.87608564 -0.48215553]]
 4.0625
 4.8125
 [[ 0.58775587 -0.80903834]
 [-0.80903834 -0.58775587]]
 6.800000000000001
 6.6
 [[ 0.65255634 -0.75774021]
 [-0.75774021 -0.65255634]]
 4.15625
 4.90625
 [[ 0.83690466  0.54734869]
 [-0.54734869  0.83690466]]
 6.790123456790122
 7.345679012345679
 [[ 0.86969567  0.49358833]
 [-0.49358833  0.86969567]]
 0.84
 2.5
 [[ 0.9701425   0.24253563]
 [-0.24253563  0.9701425 ]]
 6.666666666666666
 7.333333333333333
 [[ 0.4241554  -0.90558942]
 [-0.90558942 -0.4241554 ]]
 11.25
 9.75
 [[ 0.48476853 -0.87464248]
 [-0.87464248 -0.48476853]]
 1.1111111111111112
 2.111111111111111
 [[ 0.  1.]
 [ 1.  0.]]
 0.43999999999999995
 1.48
 [[ 0.94673755 -0.32200622]
 [ 0.32200622  0.94673755]]
 6.75
 7.333333333333333
 [[ 0.60923614 -0.79298886]
 [-0.79298886 -0.60923614]]
 4.222222222222222
 5.0
 [[ 0.56959484 -0.82192562]
 [-0.82192562 -0.56959484]]
 11.333333333333332
 12.277777777777779
 [[ 0.54006726 -0.84162186]
 [-0.84162186 -0.54006726]]
 70.66666666666663
 70.33333333333333
 [[ 0.24142132 -0.9704204 ]
 [-0.9704204  -0.24142132]]
 11.5
 12.25
 [[ 0.30924417 -0.95098267]
 [-0.95098267 -0.30924417]]
 22.08
 22.48
 [[ 0.38140346 -0.92440868]
 [-0.92440868 -0.38140346]]
 6.333333333333334
 7.166666666666667
 [[ 0.43548654 -0.90019524]
 [-0.90019524 -0.43548654]]
 17.469387755102034
 17.897959183673468
 [[ 0.50047353 -0.86575184]
 [-0.86575184 -0.50047353]]
 4.5
 5.375
 [[ 0.54006726 -0.84162186]
 [-0.84162186 -0.54006726]]
 4.0
 4.888888888888889
 [[ 0.58471028 -0.81124219]
 [-0.81124219 -0.58471028]]
 2.0300000000000002
 3.62
 [[ 0.76492055  0.64412464]
 [-0.64412464  0.76492055]]
 61.66666666666666
 61.666666666666664
 [[ 0.22366598 -0.97466585]
 [-0.97466585 -0.22366598]]
 13.0625
 13.8125
 [[ 0.28837428 -0.95751777]
 [-0.95751777 -0.28837428]]
 9.16
 9.96
 [[ 0.35105858 -0.9363535 ]
 [-0.9363535  -0.35105858]]
 1.1666666666666667
 2.166666666666667
 [[ 0.  1.]
 [ 1.  0.]]
 1.1428571428571428
 2.142857142857143
 [[ 0.  1.]
 [ 1.  0.]]
 12.421875
 13.046875
 [[ 0.51976248 -0.85431081]
 [-0.85431081 -0.51976248]]
 7.506172839506174
 8.283950617283951
 [[ 0.56230822 -0.82692772]
 [-0.82692772 -0.56230822]]
 8.12
 9.64
 [[ 0.62811851 -0.77811769]
 [-0.77811769 -0.62811851]]
 1.1428571428571428
 2.142857142857143
 [[ 0.  1.]
 [ 1.  0.]]
 9.5
 10.25
 [[ 0.49041914 -0.8714867 ]
 [-0.8714867  -0.49041914]]
 9.814814814814813
 11.641975308641975
 [[ 0.56072554 -0.82800173]
 [-0.82800173 -0.56072554]]
 1.2
 2.2
 [[ 0.  1.]
 [ 1.  0.]]
 30.833333333333343
 31.166666666666668
 [[ 0.36955756 -0.92920784]
 [-0.92920784 -0.36955756]]
 0.10204081632653063
 1.1224489795918366
 [[ 0.98764149 -0.15672997]
 [ 0.15672997  0.98764149]]
 120.44444444444446
 120.1111111111111
 [[ 0.18378598 -0.98296628]
 [-0.98296628 -0.18378598]]
 70.25
 70.25
 [[ 0.24169903 -0.97035127]
 [-0.97035127 -0.24169903]]
 0.31999999999999995
 1.3599999999999999
 [[ 0.96124875 -0.27568251]
 [ 0.27568251  0.96124875]]
 52.24000000000001
 52.44
 [[ 0.28113577 -0.959668  ]
 [-0.959668   -0.28113577]]
 28.75
 29.25
 [[ 0.33100694 -0.94362832]
 [-0.94362832 -0.33100694]]
 29.6122448979592
 29.244897959183675
 [[ 0.38145519 -0.92438733]
 [-0.92438733 -0.38145519]]
 24.408163265306122
 24.979591836734695
 [[ 0.36048505 -0.93276499]
 [-0.93276499 -0.36048505]]
 1.125
 2.125
 [[ 0.  1.]
 [ 1.  0.]]
 13.765432098765423
 16.11111111111111
 [[ 0.46519451 -0.88520849]
 [-0.88520849 -0.46519451]]
 1.3333333333333333
 2.333333333333333
 [[ 0.  1.]
 [ 1.  0.]]
 72.6875
 72.9375
 [[ 0.20531501 -0.97869594]
 [-0.97869594 -0.20531501]]
 48.119999999999976
 48.519999999999996
 [[ 0.25346933 -0.96734342]
 [-0.96734342 -0.25346933]]
 12.361111111111109
 13.194444444444443
 [[ 0.29704088 -0.95486476]
 [-0.95486476 -0.29704088]]
 26.673469387755105
 27.24489795918367
 [[ 0.34397996 -0.93897699]
 [-0.93897699 -0.34397996]]
 1.125
 2.125
 [[ 0.  1.]
 [ 1.  0.]]
 12.246913580246915
 13.024691358024691
 [[ 0.42454631 -0.90540622]
 [-0.90540622 -0.42454631]]
 12.400000000000002
 14.94
 [[ 0.48645639 -0.87370486]
 [-0.87370486 -0.48645639]]
 1.3333333333333333
 2.333333333333333
 [[ 0.  1.]
 [ 1.  0.]]
 27.5
 28.25
 [[ 0.19431856 -0.98093848]
 [-0.98093848 -0.19431856]]
 18.4
 19.2
 [[ 0.23987682 -0.97080333]
 [-0.97080333 -0.23987682]]
 1.1666666666666667
 2.166666666666667
 [[ 0.  1.]
 [ 1.  0.]]
 1.1428571428571428
 2.142857142857143
 [[ 0.  1.]
 [ 1.  0.]]
 30.625
 31.125
 [[ 0.37001455 -0.92902596]
 [-0.92902596 -0.37001455]]
 1.1111111111111112
 2.111111111111111
 [[ 0.  1.]
 [ 1.  0.]]
 13.96
 15.9
 [[ 0.46749623 -0.88399507]
 [-0.88399507 -0.46749623]]
 56.44444444444444
 57.11111111111111
 [[ 0.13431069 -0.99093927]
 [-0.99093927 -0.13431069]]
 1.25
 2.25
 [[ 0.  1.]
 [ 1.  0.]]
 83.44
 83.64000000000001
 [[ 0.22110469 -0.97525008]
 [-0.97525008 -0.22110469]]
 58.083333333333314
 58.666666666666664
 [[ 0.26547458 -0.96411786]
 [-0.96411786 -0.26547458]]
 181.66666666666663
 181.66666666666666
 [[ 0.12910322 -0.99163116]
 [-0.99163116 -0.12910322]]
 104.1875
 104.4375
 [[ 0.17093522 -0.98528227]
 [-0.98528227 -0.17093522]]
 23.560000000000002
 24.36
 [[ 0.21061348 -0.97756942]
 [-0.97756942 -0.21061348]]
 17.02777777777778
 17.861111111111114
 [[ 0.24993434 -0.96826279]
 [-0.96826279 -0.24993434]]
 1.1428571428571428
 2.142857142857143
 [[ 0.  1.]
 [ 1.  0.]]
 18.75
 19.796875
 [[ 0.3354012  -0.94207539]
 [-0.94207539 -0.3354012 ]]
 50.87999999999997
 50.67999999999999
 [[ 0.20154194 -0.97947989]
 [-0.97947989 -0.20154194]]
 1.125
 2.125
 [[ 0.  1.]
 [ 1.  0.]]
 25.77777777777777
 26.444444444444443
 [[ 0.34972224 -0.93685343]
 [-0.93685343 -0.34972224]]
 19.75
 21.54
 [[ 0.39364467 -0.91926268]
 [-0.91926268 -0.39364467]]
 81.39999999999998
 80.6
 [[ 0.19467559 -0.98086768]
 [-0.98086768 -0.19467559]]
 12.015625
 12.890625
 [[ 0.30159409 -0.95343642]
 [-0.95343642 -0.30159409]]
 18.76543209876543
 19.54320987654321
 [[ 0.33681685 -0.94157018]
 [-0.94157018 -0.33681685]]
 27.239999999999995
 30.05
 [[ 0.3797836  -0.92507536]
 [-0.92507536 -0.3797836 ]]
 307.1111111111113
 306.77777777777777
 [[ 0.11450039 -0.9934232 ]
 [-0.9934232  -0.11450039]]
 131.75
 132.0
 [[ 0.1517715  -0.98841561]
 [-0.98841561 -0.1517715 ]]
 29.44
 30.240000000000002
 [[ 0.18755683 -0.98225375]
 [-0.98225375 -0.18755683]]
 1.1666666666666667
 2.166666666666667
 [[ 0.  1.]
 [ 1.  0.]]
 1.1428571428571428
 2.142857142857143
 [[ 0.  1.]
 [ 1.  0.]]
 45.328125
 47.21875
 [[ 0.29802168 -0.9545591 ]
 [-0.9545591  -0.29802168]]
 248.33333333333337
 248.33333333333334
 [[ 0.11028391 -0.99390013]
 [-0.99390013 -0.11028391]]
 94.875
 95.375
 [[ 0.14616467 -0.98926027]
 [-0.98926027 -0.14616467]]
 92.27999999999997
 92.67999999999999
 [[ 0.1817009  -0.98335384]
 [-0.98335384 -0.1817009 ]]
 66.30555555555557
 63.916666666666664
 [[ 0.21829288 -0.9758833 ]
 [-0.9758833  -0.21829288]]
 110.375
 109.875
 [[ 0.13570486 -0.99074931]
 [-0.99074931 -0.13570486]]
 19.448979591836743
 20.306122448979597
 [[ 0.23290841 -0.97249868]
 [-0.97249868 -0.23290841]]
 58.1875
 58.6875
 [[ 0.26538386 -0.96414283]
 [-0.96414283 -0.26538386]]
 -0.03703703703703699
 0.9753086419753086
 [[ 0.99430441 -0.10657741]
 [ 0.10657741  0.99430441]]
 2.0
 3.0
 [[ 0.  1.]
 [ 1.  0.]]
 79.66666666666669
 80.16666666666667
 [[ 0.19571398 -0.98066102]
 [-0.98066102 -0.19571398]]
 59.67346938775509
 60.244897959183675
 [[ 0.2267009  -0.97396443]
 [-0.97396443 -0.2267009 ]]
 1.125
 2.125
 [[ 0.  1.]
 [ 1.  0.]]
 25.55555555555555
 26.333333333333332
 [[ 0.286143   -0.95818693]
 [-0.95818693 -0.286143  ]]
 28.789999999999992
 31.0
 [[ 0.32339521 -0.94626399]
 [-0.94626399 -0.32339521]]
 437.1111111111111
 434.11111111111114
 [[ 0.09610334 -0.99537136]
 [-0.99537136 -0.09610334]]
 84.75
 85.25
 [[ 0.18965515 -0.98185076]
 [-0.98185076 -0.18965515]]
 22.46938775510204
 23.040816326530614
 [[ 0.21598168 -0.97639742]
 [-0.97639742 -0.21598168]]
 -0.02000000000000001
 0.99
 [[ 0.99522672 -0.09758983]
 [ 0.09758983  0.99522672]]
 461.7777777777778
 461.4444444444444
 [[ 0.09327358 -0.99564052]
 [-0.99564052 -0.09327358]]
 131.75
 132.25
 [[ 0.12380031 -0.99230715]
 [-0.99230715 -0.12380031]]
 169.83999999999992
 170.04000000000002
 [[ 0.15419751 -0.98804004]
 [-0.98804004 -0.15419751]]
 119.61111111111109
 119.94444444444444
 [[ 0.18403693 -0.98291933]
 [-0.98291933 -0.18403693]]
 90.73469387755102
 90.0204081632653
 [[ 0.21270335 -0.97711682]
 [-0.97711682 -0.21270335]]
 43.91
 46.04
 [[ 0.30216299 -0.95325628]
 [-0.95325628 -0.30216299]]
 278.5
 278.5
 [[ 0.12022414 -0.99274677]
 [-0.99274677 -0.12022414]]
 1.2
 2.2
 [[ 0.  1.]
 [ 1.  0.]]
 33.25
 33.75
 [[ 0.17615508 -0.98436243]
 [-0.98436243 -0.17615508]]
 29.28395061728395
 30.14814814814815
 [[ 0.26628089 -0.96389547]
 [-0.96389547 -0.26628089]]
 132.91666666666663
 132.83333333333331
 [[ 0.17468205 -0.98462489]
 [-0.98462489 -0.17468205]]
 1232.5
 1231.5
 [[ 0.05702667 -0.99837266]
 [-0.99837266 -0.05702667]]
 1.3333333333333333
 2.333333333333333
 [[ 0.  1.]
 [ 1.  0.]]
 1.25
 2.25
 [[ 0.  1.]
 [ 1.  0.]]
 1.2
 2.2
 [[ 0.  1.]
 [ 1.  0.]]
 71.55555555555554
 72.22222222222221
 [[ 0.16857418 -0.98568897]
 [-0.98568897 -0.16857418]]
 1.1428571428571428
 2.142857142857143
 [[ 0.  1.]
 [ 1.  0.]]
 21.390625
 22.265625
 [[ 0.22151764 -0.97515636]
 [-0.97515636 -0.22151764]]
 -0.3333333333333333
 0.6790123456790124
 [[ 0.9965299 -0.0832355]
 [ 0.0832355  0.9965299]]
 3896.0
 3894.0
 [[ 0.02775994 -0.99961462]
 [-0.99961462 -0.02775994]]
 327.0
 327.5
 [[ 0.05538507 -0.99846507]
 [-0.99846507 -0.05538507]]
 1.3333333333333333
 2.333333333333333
 [[ 0.  1.]
 [ 1.  0.]]
 165.75
 166.25
 [[ 0.11026548 -0.99390217]
 [-0.99390217 -0.11026548]]
 1.4
 2.4
 [[ 0.  1.]
 [ 1.  0.]]
 28.734693877551024
 29.59183673469388
 [[ 0.18991698 -0.98180015]
 [-0.98180015 -0.18991698]]
 22.5
 23.375
 [[ 0.21572073 -0.9764551 ]
 [-0.9764551  -0.21572073]]
 1.1111111111111112
 2.111111111111111
 [[ 0.  1.]
 [ 1.  0.]]
 53.410000000000025
 56.580000000000005
 [[ 0.27185884 -0.96233714]
 [-0.96233714 -0.27185884]]
 5526.0
 5491.0
 [[ 0.0269729  -0.99963617]
 [-0.99963617 -0.0269729 ]]
 15.45
 15.85
 [[ 0.26362962 -0.96462398]
 [-0.96462398 -0.26362962]]
 60.77777777777777
 61.44444444444444
 [[ 0.22446037 -0.97448322]
 [-0.97448322 -0.22446037]]
 16.6
 17.52
 [[ 0.25326542 -0.96739683]
 [-0.96739683 -0.25326542]]
 34.93877551020409
 35.79591836734694
 [[ 0.1716731  -0.98515397]
 [-0.98515397 -0.1716731 ]]
 53.375
 54.125
 [[ 0.19566382 -0.98067103]
 [-0.98067103 -0.19566382]]
 42.83950617283949
 43.617283950617285
 [[ 0.2189542  -0.97573514]
 [-0.97573514 -0.2189542 ]]
 49.98999999999998
 51.9
 [[ 0.24584834 -0.96930831]
 [-0.96930831 -0.24584834]]
 377.55555555555543
 377.88888888888886
 [[ 0.07291127 -0.99733843]
 [-0.99733843 -0.07291127]]
 426.5
 426.5
 [[ 0.09704332 -0.99528016]
 [-0.99528016 -0.09704332]]
 69.64
 70.44
 [[ 0.12070577 -0.99268833]
 [-0.99268833 -0.12070577]]
 192.6111111111111
 192.94444444444443
 [[ 0.14467544 -0.98947917]
 [-0.98947917 -0.14467544]]
 36.59183673469388
 37.44897959183673
 [[ 0.16763726 -0.98584875]
 [-0.98584875 -0.16763726]]
 81.5625
 82.53125
 [[ 0.19299782 -0.98119918]
 [-0.98119918 -0.19299782]]
 593.3333333333335
 593.3333333333334
 [[ 0.07120709 -0.99746155]
 [-0.99746155 -0.07120709]]
 112.75
 113.5
 [[ 0.09459842 -0.99551551]
 [-0.99551551 -0.09459842]]
 1.2
 2.2
 [[ 0.  1.]
 [ 1.  0.]]
 101.5
 102.16666666666667
 [[ 0.14119073 -0.98998241]
 [-0.98998241 -0.14119073]]
 149.71428571428567
 150.14285714285714
 [[ 0.16424473 -0.98641962]
 [-0.98641962 -0.16424473]]
 0.203125
 1.21875
 [[ 0.98803445 -0.15423335]
 [ 0.15423335  0.98803445]]
 117.77551020408168
 118.3469387755102
 [[ 0.16048339 -0.98703854]
 [-0.98703854 -0.16048339]]
 91.171875
 91.796875
 [[ 0.18266179 -0.98317581]
 [-0.98317581 -0.18266179]]
 96.8641975308642
 97.41975308641975
 [[ 0.20463459 -0.97883844]
 [-0.97883844 -0.20463459]]
 40.10000000000001
 40.45
 [[ 0.2272029  -0.97384744]
 [-0.97384744 -0.2272029 ]]
 1.1111111111111112
 2.111111111111111
 [[ 0.  1.]
 [ 1.  0.]]
 80.75
 82.4
 [[ 0.22325269 -0.9747606 ]
 [-0.9747606  -0.22325269]]
 512.5
 512.5
 [[ 0.08849677 -0.99607646]
 [-0.99607646 -0.08849677]]
 83.4
 84.2
 [[ 0.11016609 -0.99391319]
 [-0.99391319 -0.11016609]]
 1.1666666666666667
 2.166666666666667
 [[ 0.  1.]
 [ 1.  0.]]
 1.1428571428571428
 2.142857142857143
 [[ 0.  1.]
 [ 1.  0.]]
 33.890625
 34.765625
 [[ 0.17438586 -0.9846774 ]
 [-0.9846774  -0.17438586]]
 103.32098765432096
 104.77777777777777
 [[ 0.19737981 -0.98032709]
 [-0.98032709 -0.19737981]]
 237.77777777777777
 238.44444444444446
 [[ 0.06498778 -0.99788606]
 [-0.99788606 -0.06498778]]
 134.75
 135.5
 [[ 0.0864686  -0.99625458]
 [-0.99625458 -0.0864686 ]]
 1.2
 2.2
 [[ 0.  1.]
 [ 1.  0.]]
 61.111111111111114
 61.94444444444445
 [[ 0.12898555 -0.99164647]
 [-0.99164647 -0.12898555]]
 134.12244897959187
 134.69387755102042
 [[ 0.15028369 -0.98864291]
 [-0.98864291 -0.15028369]]
 1.125
 2.125
 [[ 0.  1.]
 [ 1.  0.]]
 110.04938271604937
 110.60493827160492
 [[ 0.19182239 -0.98142966]
 [-0.98142966 -0.19182239]]
 87.50999999999999
 89.48
 [[ 0.21410244 -0.97681121]
 [-0.97681121 -0.21410244]]
 998.4444444444439
 990.111111111111
 [[ 0.06355034 -0.99797863]
 [-0.99797863 -0.06355034]]
 68.39999999999998
 70.1
 [[ 0.21021523 -0.97765513]
 [-0.97765513 -0.21021523]]
 773.3333333333335
 773.3333333333334
 [[ 0.06235143 -0.99805426]
 [-0.99805426 -0.06235143]]
 291.75
 292.25
 [[ 0.08297444 -0.99655168]
 [-0.99655168 -0.08297444]]
 1.2
 2.2
 [[ 0.  1.]
 [ 1.  0.]]
 261.8333333333335
 262.1666666666667
 [[ 0.1239565  -0.99228765]
 [-0.99228765 -0.1239565 ]]
 145.63265306122446
 146.20408163265307
 [[ 0.1441669  -0.98955339]
 [-0.98955339 -0.1441669 ]]
 38.25
 39.125
 [[ 0.16386029 -0.98648355]
 [-0.98648355 -0.16386029]]
 119.33333333333337
 119.88888888888889
 [[ 0.18412073 -0.98290364]
 [-0.98290364 -0.18412073]]
 95.59000000000003
 97.08000000000001
 [[ 0.20523028 -0.97871371]
 [-0.97871371 -0.20523028]]
 152.5625
 153.3125
 [[ 0.08122847 -0.99669551]
 [-0.99669551 -0.08122847]]
 98.44
 99.24000000000001
 [[ 0.10130704 -0.99485521]
 [-0.99485521 -0.10130704]]
 272.6111111111111
 272.9444444444444
 [[ 0.12146753 -0.99259541]
 [-0.99259541 -0.12146753]]
 201.71428571428567
 202.14285714285714
 [[ 0.14132243 -0.98996362]
 [-0.98996362 -0.14132243]]
 1.125
 2.125
 [[ 0.  1.]
 [ 1.  0.]]
 61.77777777777777
 61.51851851851851
 [[ 0.18240353 -0.98322376]
 [-0.98322376 -0.18240353]]
 1.25
 2.25
 [[ 0.  1.]
 [ 1.  0.]]
 1.2
 2.2
 [[ 0.  1.]
 [ 1.  0.]]
 294.8333333333335
 295.1666666666667
 [[ 0.11677573 -0.99315831]
 [-0.99315831 -0.11677573]]
 163.81632653061223
 164.3877551020408
 [[ 0.1358626  -0.99072769]
 [-0.99072769 -0.1358626 ]]
 166.8125
 167.140625
 [[ 0.15555814 -0.98782674]
 [-0.98782674 -0.15555814]]
 604.8888888888889
 605.2222222222222
 [[ 0.05756481 -0.99834177]
 [-0.99834177 -0.05756481]]
 682.25
 682.25
 [[ 0.07666848 -0.99705664]
 [-0.99705664 -0.07666848]]
 219.92000000000013
 220.52000000000004
 [[ 0.09562561 -0.99541737]
 [-0.99541737 -0.09562561]]
 230.0
 230.5
 [[ 0.1145416  -0.99341845]
 [-0.99341845 -0.1145416 ]]
 226.44897959183663
 226.87755102040816
 [[ 0.13332877 -0.99107186]
 [-0.99107186 -0.13332877]]
 129.859375
 130.3125
 [[ 0.15280299 -0.98825667]
 [-0.98825667 -0.15280299]]
 314.00000000000006
 309.22222222222223
 [[ 0.05651677 -0.99840165]
 [-0.99840165 -0.05651677]]
 977.3333333333335
 977.3333333333334
 [[ 0.05545112 -0.9984614 ]
 [-0.9984614  -0.05545112]]
 1.25
 2.25
 [[ 0.  1.]
 [ 1.  0.]]
 354.72
 355.12
 [[ 0.09214643 -0.99574547]
 [-0.99574547 -0.09214643]]
 1.1666666666666667
 2.166666666666667
 [[ 0.  1.]
 [ 1.  0.]]
 1.1428571428571428
 2.142857142857143
 [[ 0.  1.]
 [ 1.  0.]]
 93.078125
 93.65625
 [[ 0.14755551 -0.98905378]
 [-0.98905378 -0.14755551]]
 1.3333333333333333
 2.333333333333333
 [[ 0.  1.]
 [ 1.  0.]]
 572.1875
 572.4375
 [[ 0.07250407 -0.99736812]
 [-0.99736812 -0.07250407]]
 367.79999999999995
 368.2
 [[ 0.0904867  -0.99589766]
 [-0.99589766 -0.0904867 ]]
 86.36111111111111
 87.19444444444444
 [[ 0.10823784 -0.99412503]
 [-0.99412503 -0.10823784]]
 64.0204081632653
 64.87755102040816
 [[ 0.12597198 -0.9920338 ]
 [-0.9920338  -0.12597198]]
 145.671875
 144.203125
 [[ 0.14484339 -0.98945459]
 [-0.98945459 -0.14484339]]
 6557.0
 6445.0
 [[ 0.01754121 -0.99984614]
 [-0.99984614 -0.01754121]]
 13634.0
 13404.0
 [[ 0.01723884 -0.9998514 ]
 [-0.9998514  -0.01723884]]
 3482.0
 3425.0
 [[ 0.0169468  -0.99985639]
 [-0.99985639 -0.0169468 ]]
 -60.0
 -58.0
 [[ 0.99986122 -0.01665973]
 [ 0.01665973  0.99986122]]
 7505.0
 7385.0
 [[ 0.01639128 -0.99986565]
 [-0.99986565 -0.01639128]]
 7752.0
 7630.0
 [[ 0.01612697 -0.99986995]
 [-0.99986995 -0.01612697]]
 15886.0
 15883.0
 [[ 0.01587002 -0.99987406]
 [-0.99987406 -0.01587002]]
 1990.5
 1989.5
 [[ 0.0317141  -0.99949698]
 [-0.99949698 -0.0317141 ]]
 251.0625
 251.5625
 [[ 0.06323803 -0.99799847]
 [-0.99799847 -0.06323803]]
 1.1666666666666667
 2.166666666666667
 [[ 0.  1.]
 [ 1.  0.]]
 246.1224489795918
 245.85714285714286
 [[ 0.11082206 -0.99384026]
 [-0.99384026 -0.11082206]]
 4100.0
 4100.0
 [[ 0.01561928 -0.99987801]
 [-0.99987801 -0.01561928]]
 2052.5
 2052.5
 [[ 0.03122714 -0.99951231]
 [-0.99951231 -0.03122714]]
 1370.666666666667
 1370.6666666666667
 [[ 0.04681221 -0.99890371]
 [-0.99890371 -0.04681221]]
 1030.25
 1030.25
 [[ 0.06236318 -0.99805352]
 [-0.99805352 -0.06236318]]
 496.31999999999994
 496.71999999999997
 [[ 0.07785637 -0.99696459]
 [-0.99696459 -0.07785637]]
 116.11111111111111
 116.94444444444444
 [[ 0.09320654 -0.9956468 ]
 [-0.9956468  -0.09320654]]
 1.1428571428571428
 2.142857142857143
 [[ 0.  1.]
 [ 1.  0.]]
 -0.890625
 0.125
 [[ 0.99780457 -0.06622726]
 [ 0.06622726  0.99780457]]
 8459.0
 8456.0
 [[ 0.01537916 -0.99988173]
 [-0.99988173 -0.01537916]]
 943.8888888888889
 943.5555555555557
 [[ 0.04607219 -0.99893811]
 [-0.99893811 -0.04607219]]
 513.4000000000001
 512.6
 [[ 0.0766069  -0.99706137]
 [-0.99706137 -0.0766069 ]]
 267.71875
 268.171875
 [[ 0.12255773 -0.99246139]
 [-0.99246139 -0.12255773]]
 17434.0
 17431.0
 [[ 0.01514891 -0.99988525]
 [-0.99988525 -0.01514891]]
 2182.5
 2182.5
 [[ 0.03028219 -0.99954139]
 [-0.99954139 -0.03028219]]
 973.0
 972.6666666666666
 [[ 0.04537654 -0.99896995]
 [-0.99896995 -0.04537654]]
 176.64000000000001
 177.44
 [[ 0.07545549 -0.99714917]
 [-0.99714917 -0.07545549]]
 123.33333333333334
 124.16666666666667
 [[ 0.09041324 -0.99590434]
 [-0.99590434 -0.09041324]]
 361.3061224489795
 361.734693877551
 [[ 0.10542764 -0.99442698]
 [-0.99442698 -0.10542764]]
 137.890625
 138.34375
 [[ 0.12099689 -0.99265289]
 [-0.99265289 -0.12099689]]
 3372.75
 3372.25
 [[ 0.02983303 -0.9995549 ]
 [-0.9995549  -0.02983303]]
 502.7777777777778
 502.77777777777777
 [[ 0.04464216 -0.99900304]
 [-0.99900304 -0.04464216]]
 127.02777777777777
 127.8611111111111
 [[ 0.08907812 -0.99602464]
 [-0.99602464 -0.08907812]]
 279.40816326530603
 279.9795918367347
 [[ 0.1038592  -0.99459201]
 [-0.99459201 -0.1038592 ]]
 216.5
 214.375
 [[ 0.11856903 -0.99294581]
 [-0.99294581 -0.11856903]]
 294.671875
 293.4375
 [[ 0.11704479 -0.99312664]
 [-0.99312664 -0.11704479]]
 1201.5
 1197.5
 [[ 0.05781354 -0.9983274 ]
 [-0.9983274  -0.05781354]]
 59.432098765432116
 60.25925925925927
 [[ 0.13082611 -0.99140533]
 [-0.99140533 -0.13082611]]
 2189.4444444444453
 2185.111111111111
 [[ 0.04279174 -0.99908401]
 [-0.99908401 -0.04279174]]
 204.28571428571422
 204.42857142857142
 [[ 0.09929513 -0.99505803]
 [-0.99505803 -0.09929513]]
 49.589999999999996
 50.6
 [[ 0.14345798 -0.98965641]
 [-0.98965641 -0.14345798]]
 2252.1111111111095
 2247.777777777778
 [[ 0.04219083 -0.99910957]
 [-0.99910957 -0.04219083]]
 210.04081632653066
 210.18367346938774
 [[ 0.0979158 -0.9951947]
 [-0.9951947 -0.0979158]]
 -0.42000000000000004
 0.59
 [[ 0.99751928 -0.07039374]
 [ 0.07039374  0.99751928]]
 578.6666666666667
 579.3333333333334
 [[ 0.04160655 -0.99913407]
 [-0.99913407 -0.04160655]]
 1.25
 2.25
 [[ 0.  1.]
 [ 1.  0.]]
 209.76
 210.56
 [[ 0.06921148 -0.99760201]
 [-0.99760201 -0.06921148]]
 1.1666666666666667
 2.166666666666667
 [[ 0.  1.]
 [ 1.  0.]]
 108.08163265306123
 108.9387755102041
 [[ 0.09663791 -0.9953196 ]
 [-0.9953196  -0.09663791]]
 247.5
 248.125
 [[ 0.11037612 -0.99388989]
 [-0.99388989 -0.11037612]]
 66.22222222222223
 67.11111111111111
 [[ 0.12382631 -0.99230391]
 [-0.99230391 -0.12382631]]
 -0.33
 0.6799999999999999
 [[ 0.99717489 -0.0751149 ]
 [ 0.0751149   0.99717489]]
 669.875
 670.375
 [[ 0.05469204 -0.99850327]
 [-0.99850327 -0.05469204]]
 215.55999999999997
 216.35999999999999
 [[ 0.06826959 -0.99766691]
 [-0.99766691 -0.06826959]]
 598.7777777777778
 598.4444444444445
 [[ 0.08187008 -0.99664301]
 [-0.99664301 -0.08187008]]
 85.515625
 86.390625
 [[ 0.10877739 -0.99406613]
 [-0.99406613 -0.10877739]]
 270.2962962962963
 268.14814814814815
 [[ 0.12241777 -0.99247866]
 [-0.99247866 -0.12241777]]
 260.984375
 260.03125
 [[ 0.10769328 -0.99418417]
 [-0.99418417 -0.10769328]]
 706.875
 707.375
 [[ 0.05323882 -0.99858181]
 [-0.99858181 -0.05323882]]
 906.0
 906.2
 [[ 0.06650436 -0.99778613]
 [-0.99778613 -0.06650436]]
 473.41666666666674
 473.9166666666667
 [[ 0.07971724 -0.99681752]
 [-0.99681752 -0.07971724]]
 464.8979591836737
 465.3265306122449
 [[ 0.09290105 -0.99567535]
 [-0.99567535 -0.09290105]]
 268.171875
 268.796875
 [[ 0.10601585 -0.99436444]
 [-0.99436444 -0.10601585]]
 140.80246913580243
 141.2962962962963
 [[ 0.1197186  -0.99280786]
 [-0.99280786 -0.1197186 ]]
 644.4444444444445
 645.1111111111111
 [[ 0.03942255 -0.99922263]
 [-0.99922263 -0.03942255]]
 363.5
 364.25
 [[ 0.05252266 -0.99861973]
 [-0.99861973 -0.05252266]]
 233.44000000000003
 234.24
 [[ 0.06559127 -0.99784657]
 [-0.99784657 -0.06559127]]
 486.0
 486.5
 [[ 0.07867558 -0.99690027]
 [-0.99690027 -0.07867558]]
 120.16326530612245
 121.02040816326532
 [[ 0.09160789 -0.99579516]
 [-0.99579516 -0.09160789]]
 1.125
 2.125
 [[ 0.  1.]
 [ 1.  0.]]
 217.12345679012344
 217.320987654321
 [[ 0.11796551 -0.99301769]
 [-0.99301769 -0.11796551]]
 1987.0
 1983.0
 [[ 0.0388988  -0.99924316]
 [-0.99924316 -0.0388988 ]]
 283.171875
 279.640625
 [[ 0.10367166 -0.99461158]
 [-0.99461158 -0.10367166]]
 6242.0
 6165.0
 [[ 0.01265724 -0.99991989]
 [-0.99991989 -0.01265724]]
 19363.0
 19125.0
 [[ 0.01249903 -0.99992188]
 [-0.99992188 -0.01249903]]
 26491.0
 26169.0
 [[ 0.01234474 -0.9999238 ]
 [-0.9999238  -0.01234474]]
 13532.0
 13370.0
 [[ 0.01219423 -0.99992565]
 [-0.99992565 -0.01219423]]
 13863.0
 13699.0
 [[ 0.01204733 -0.99992743]
 [-0.99992743 -0.01204733]]
 14210.0
 14036.0
 [[ 0.01190054 -0.99992919]
 [-0.99992919 -0.01190054]]
 581.6000000000001
 582.2
 [[ 0.05870185 -0.99827556]
 [-0.99827556 -0.05870185]]
 202.33333333333331
 201.16666666666666
 [[ 0.07047581 -0.99751349]
 [-0.99751349 -0.07047581]]
 298.64000000000004
 299.24
 [[ 0.05796368 -0.99831869]
 [-0.99831869 -0.05796368]]
 1.1428571428571428
 2.142857142857143
 [[ 0.  1.]
 [ 1.  0.]]
 116.796875
 116.84375
 [[ 0.09293256 -0.99567241]
 [-0.99567241 -0.09293256]]
 1.8
 2.8
 [[ 0.  1.]
 [ 1.  0.]]
 1.1111111111111112
 2.111111111111111
 [[ 0.  1.]
 [ 1.  0.]]
 76.27999999999999
 77.11999999999999
 [[ 0.11525811 -0.99333558]
 [-0.99333558 -0.11525811]]
 1724.8888888888887
 1725.222222222222
 [[ 0.03406453 -0.99941964]
 [-0.99941964 -0.03406453]]
 1942.25
 1942.25
 [[ 0.04540182 -0.99896881]
 [-0.99896881 -0.04540182]]
 312.16
 312.96000000000004
 [[ 0.05669032 -0.99839181]
 [-0.99839181 -0.05669032]]
 217.4444444444444
 218.27777777777774
 [[ 0.06797171 -0.99768725]
 [-0.99768725 -0.06797171]]
 478.6938775510205
 479.26530612244903
 [[ 0.0792714  -0.99685307]
 [-0.99685307 -0.0792714 ]]
 367.5
 368.125
 [[ 0.09050509 -0.99589599]
 [-0.99589599 -0.09050509]]
 97.82716049382718
 98.71604938271606
 [[ 0.10162634 -0.99482264]
 [-0.99482264 -0.10162634]]
 78.02999999999999
 78.85999999999999
 [[ 0.11394138 -0.99348747]
 [-0.99348747 -0.11394138]]
 3527.1111111111113
 3526.777777777778
 [[ 0.03368555 -0.99943248]
 [-0.99943248 -0.03368555]]
 497.5625
 498.3125
 [[ 0.04487593 -0.99899257]
 [-0.99899257 -0.04487593]]
 637.2799999999997
 637.88
 [[ 0.05607374 -0.99842663]
 [-0.99842663 -0.05607374]]
 664.75
 665.25
 [[ 0.06724623 -0.99773641]
 [-0.99773641 -0.06724623]]
 1.1428571428571428
 2.142857142857143
 [[ 0.  1.]
 [ 1.  0.]]
 500.6875
 501.1875
 [[ 0.08950445 -0.99598642]
 [-0.99598642 -0.08950445]]
 100.01234567901236
 100.90123456790124
 [[ 0.10049859 -0.9949372 ]
 [-0.9949372  -0.10049859]]
 160.80000000000007
 161.03
 [[ 0.11201143 -0.99370692]
 [-0.99370692 -0.11201143]]
 -3.44
 -2.4
 [[ 0.99897277 -0.04531442]
 [ 0.04531442  0.99897277]]
 8282.0
 8193.0
 [[ 0.01098836 -0.99993963]
 [-0.99993963 -0.01098836]]
 17022.0
 16840.0
 [[ 0.01086893 -0.99994093]
 [-0.99994093 -0.01086893]]
 8650.0
 8559.0
 [[ 0.01075208 -0.99994219]
 [-0.99994219 -0.01075208]]
 35630.0
 35256.0
 [[ 0.0106377  -0.99994342]
 [-0.99994342 -0.0106377 ]]
 18147.0
 17959.0
 [[ 0.01052574 -0.9999446 ]
 [-0.9999446  -0.01052574]]
 9231.0
 9130.0
 [[ 0.01040813 -0.99994583]
 [-0.99994583 -0.01040813]]
 594.46875
 591.921875
 [[ 0.08228308 -0.996609  ]
 [-0.996609   -0.08228308]]
 1069.7777777777778
 1070.4444444444443
 [[ 0.03058837 -0.99953207]
 [-0.99953207 -0.03058837]]
 1204.25
 1204.75
 [[ 0.04077391 -0.9991684 ]
 [-0.9991684  -0.04077391]]
 771.9200000000001
 772.5200000000001
 [[ 0.05094094 -0.99870167]
 [-0.99870167 -0.05094094]]
 537.0555555555557
 537.7222222222222
 [[ 0.06109112 -0.99813219]
 [-0.99813219 -0.06109112]]
 592.5714285714284
 593.1428571428571
 [[ 0.07122992 -0.99745992]
 [-0.99745992 -0.07122992]]
 1.125
 2.125
 [[ 0.  1.]
 [ 1.  0.]]
 360.14814814814827
 360.8148148148148
 [[ 0.09142381 -0.99581207]
 [-0.99581207 -0.09142381]]
 291.27
 291.44
 [[ 0.10176021 -0.99480896]
 [-0.99480896 -0.10176021]]
 1091.6666666666665
 1092.3333333333333
 [[ 0.03027988 -0.99954146]
 [-0.99954146 -0.03027988]]
 615.0625
 615.8125
 [[ 0.04035469 -0.99918542]
 [-0.99918542 -0.04035469]]
 394.44
 395.24
 [[ 0.05041517 -0.99872835]
 [-0.99872835 -0.05041517]]
 548.0
 548.6666666666666
 [[ 0.06047668 -0.99816961]
 [-0.99816961 -0.06047668]]
 202.30612244897958
 203.16326530612244
 [[ 0.07048114 -0.99751311]
 [-0.99751311 -0.07048114]]
 463.921875
 464.546875
 [[ 0.0805239  -0.99675268]
 [-0.99675268 -0.0805239 ]]
 489.55555555555566
 490.1111111111111
 [[ 0.09051531 -0.99589506]
 [-0.99589506 -0.09051531]]
 299.20000000000005
 297.84000000000003
 [[ 0.10056936 -0.99493005]
 [-0.99493005 -0.10056936]]
 1.25
 2.25
 [[ 0.  1.]
 [ 1.  0.]]
 404.49
 404.3
 [[ 0.09967759 -0.99501979]
 [-0.99501979 -0.09967759]]
 4540.444444444442
 4540.11111111111
 [[ 0.0296877  -0.99955922]
 [-0.99955922 -0.0296877 ]]
 1278.875
 1279.375
 [[ 0.03956521 -0.99921699]
 [-0.99921699 -0.03956521]]
 1638.1599999999999
 1638.36
 [[ 0.04943837 -0.99877718]
 [-0.99877718 -0.04943837]]
 1139.2777777777783
 1139.611111111111
 [[ 0.05929274 -0.99824064]
 [-0.99824064 -0.05929274]]
 838.4489795918362
 838.8775510204081
 [[ 0.06912933 -0.99760771]
 [-0.99760771 -0.06912933]]
 643.1875
 643.6875
 [[ 0.07894533 -0.99687895]
 [-0.99687895 -0.07894533]]
 509.30864197530855
 509.86419753086415
 [[ 0.08873796 -0.99605501]
 [-0.99605501 -0.08873796]]
 309.24
 309.32
 [[ 0.09875353 -0.99511192]
 [-0.99511192 -0.09875353]]
 2316.0
 2316.3333333333335
 [[ 0.02939482 -0.99956788]
 [-0.99956788 -0.02939482]]
 2607.25
 2607.25
 [[ 0.03918181 -0.9992321 ]
 [-0.9992321  -0.03918181]]
 1.2
 2.2
 [[ 0.  1.]
 [ 1.  0.]]
 1161.833333333334
 1162.1666666666667
 [[ 0.05871362 -0.99827487]
 [-0.99827487 -0.05871362]]
 214.61224489795916
 215.46938775510202
 [[ 0.06842081 -0.99765655]
 [-0.99765655 -0.06842081]]
 1.125
 2.125
 [[ 0.  1.]
 [ 1.  0.]]
 389.7777777777778
 390.44444444444446
 [[ 0.08786886 -0.99613205]
 [-0.99613205 -0.08786886]]
 211.58000000000015
 209.54000000000002
 [[ 0.09781341 -0.99520477]
 [-0.99520477 -0.09781341]]
 1.2
 2.2
 [[ 0.  1.]
 [ 1.  0.]]
 1214.583333333334
 1204.7222222222224
 [[ 0.05760495 -0.99833946]
 [-0.99833946 -0.05760495]]
 1771.0
 1770.4
 [[ 0.04755441 -0.99886865]
 [-0.99886865 -0.04755441]]
 227.28571428571428
 228.14285714285714
 [[ 0.06647718 -0.99778795]
 [-0.99778795 -0.06647718]]
 -1.03125
 -0.015625
 [[ 0.99809713 -0.06166126]
 [ 0.06166126  0.99809713]]
 1806.7599999999993
 1804.56
 [[ 0.04709656 -0.99889034]
 [-0.99889034 -0.04709656]]
 420.5925925925926
 421.2592592592593
 [[ 0.084579   -0.99641678]
 [-0.99641678 -0.084579  ]]
 -0.7700000000000001
 0.23999999999999988
 [[ 0.99840003 -0.05654531]
 [ 0.05654531  0.99840003]]
 5095.111111111113
 5094.777777777777
 [[ 0.02802454 -0.99960724]
 [-0.99960724 -0.02802454]]
 1.25
 2.25
 [[ 0.  1.]
 [ 1.  0.]]
 460.36
 461.15999999999997
 [[ 0.04665775 -0.99891093]
 [-0.99891093 -0.04665775]]
 1.1666666666666667
 2.166666666666667
 [[ 0.  1.]
 [ 1.  0.]]
 235.9387755102041
 236.79591836734696
 [[ 0.06524146 -0.99786951]
 [-0.99786951 -0.06524146]]
 361.15625
 361.90625
 [[ 0.0745325  -0.99721858]
 [-0.99721858 -0.0745325 ]]
 428.4814814814815
 429.1481481481481
 [[ 0.08379453 -0.99648305]
 [-0.99648305 -0.08379453]]
 346.79999999999995
 346.7
 [[ 0.09324228 -0.99564345]
 [-0.99564345 -0.09324228]]
 1.3333333333333333
 2.333333333333333
 [[ 0.  1.]
 [ 1.  0.]]
 1.25
 2.25
 [[ 0.  1.]
 [ 1.  0.]]
 936.7199999999998
 937.32
 [[ 0.04623689 -0.9989305 ]
 [-0.9989305  -0.04623689]]
 326.33333333333337
 327.1666666666667
 [[ 0.05544168 -0.99846193]
 [-0.99846193 -0.05544168]]
 479.51020408163265
 480.2244897959184
 [[ 0.06465986 -0.99790736]
 [-0.99790736 -0.06465986]]
 734.625
 735.125
 [[ 0.07385916 -0.99726868]
 [-0.99726868 -0.07385916]]
 1.1111111111111112
 2.111111111111111
 [[ 0.  1.]
 [ 1.  0.]]
 354.07000000000016
 353.34
 [[ 0.09233072 -0.9957284 ]
 [-0.9957284  -0.09233072]]
 1435.1999999999998
 1425.56
 [[ 0.04584937 -0.99894836]
 [-0.99894836 -0.04584937]]
 2.0
 3.0
 [[ 0.  1.]
 [ 1.  0.]]
 9083.0
 9081.0
 [[ 0.01817681 -0.99983479]
 [-0.99983479 -0.01817681]]
 1517.0
 1517.0
 [[ 0.03632764 -0.99933993]
 [-0.99933993 -0.03632764]]
 338.44444444444446
 339.27777777777777
 [[ 0.05443766 -0.99851717]
 [-0.99851717 -0.05443766]]
 995.1836734693879
 990.6530612244898
 [[ 0.06356332 -0.99797781]
 [-0.99797781 -0.06356332]]
 24648.0
 24647.0
 [[ 0.00900828 -0.99995942]
 [-0.99995942 -0.00900828]]
 9246.75
 9246.25
 [[ 0.01801412 -0.99983773]
 [-0.99983773 -0.01801412]]
 1371.6666666666665
 1372.3333333333333
 [[ 0.02701059 -0.99963515]
 [-0.99963515 -0.02701059]]
 1543.875
 1544.375
 [[ 0.03600683 -0.99935154]
 [-0.99935154 -0.03600683]]
 989.2799999999995
 989.8799999999999
 [[ 0.04499032 -0.99898742]
 [-0.99898742 -0.04499032]]
 1374.833333333334
 1375.1666666666667
 [[ 0.05396873 -0.99854263]
 [-0.99854263 -0.05396873]]
 1.1428571428571428
 2.142857142857143
 [[ 0.  1.]
 [ 1.  0.]]
 775.875
 773.453125
 [[ 0.07196756 -0.99740697]
 [-0.99740697 -0.07196756]]
 50191.0
 50184.0
 [[ 0.00892786 -0.99996015]
 [-0.99996015 -0.00892786]]
 4188.0
 4187.0
 [[ 0.02677185 -0.99964157]
 [-0.99964157 -0.02677185]]
 1.6
 2.6
 [[ 0.  1.]
 [ 1.  0.]]
 -1.640625
 -0.625
 [[ 0.99887323 -0.04745802]
 [ 0.04745802  0.99887323]]
 12773.0
 12773.0
 [[ 0.00884852 -0.99996085]
 [-0.99996085 -0.00884852]]
 1.5
 2.5
 [[ 0.  1.]
 [ 1.  0.]]
 5683.444444444445
 5681.777777777777
 [[ 0.02653621 -0.99964785]
 [-0.99964785 -0.02653621]]
 1.2
 2.2
 [[ 0.  1.]
 [ 1.  0.]]
 1068.75
 1069.25
 [[ 0.0530144  -0.99859375]
 [-0.99859375 -0.0530144 ]]
 1048.0816326530612
 1048.5102040816325
 [[ 0.06181998 -0.99808732]
 [-0.99808732 -0.06181998]]
 200.0
 200.0
 [[ 0.07088902 -0.99748421]
 [-0.99748421 -0.07088902]]
 1.5
 2.5
 [[ 0.  1.]
 [ 1.  0.]]
 5786.0
 5783.0
 [[ 0.02630213 -0.99965404]
 [-0.99965404 -0.02630213]]
 1.1666666666666667
 2.166666666666667
 [[ 0.  1.]
 [ 1.  0.]]
 800.2448979591836
 800.8163265306122
 [[ 0.06127716 -0.99812079]
 [-0.99812079 -0.06127716]]
 205.046875
 204.28125
 [[ 0.0700063  -0.99754655]
 [-0.99754655 -0.0700063 ]]
 -1.6875
 -0.671875
 [[ 0.99891219 -0.04663089]
 [ 0.04663089  0.99891219]]
 27030.0
 26800.0
 [[ 0.00862037 -0.99996284]
 [-0.99996284 -0.00862037]]
 -117.0
 -115.0
 [[ 0.99996348 -0.00854607]
 [ 0.00854607  0.99996348]]
 42011.0
 41659.0
 [[ 0.00847427 -0.99996409]
 [-0.99996409 -0.00847427]]
 14162.0
 14045.0
 [[ 0.00840307 -0.99996469]
 [-0.99996469 -0.00840307]]
 14401.0
 14283.0
 [[ 0.00833305 -0.99996528]
 [-0.99996528 -0.00833305]]
 58604.0
 58577.0
 [[ 0.00826319 -0.99996586]
 [-0.99996586 -0.00826319]]
 922.59375
 918.546875
 [[ 0.06601705 -0.99781849]
 [-0.99781849 -0.06601705]]
 6621.777777777777
 6621.444444444444
 [[ 0.0245815  -0.99969783]
 [-0.99969783 -0.0245815 ]]
 932.75
 933.5
 [[ 0.03276049 -0.99946323]
 [-0.99946323 -0.03276049]]
 1.2
 2.2
 [[ 0.  1.]
 [ 1.  0.]]
 1659.6111111111122
 1659.9444444444443
 [[ 0.04911603 -0.99879308]
 [-0.99879308 -0.04911603]]
 1220.7346938775518
 1221.1632653061224
 [[ 0.05727615 -0.99835837]
 [-0.99835837 -0.05727615]]
 468.5
 469.25
 [[ 0.06541581 -0.99785809]
 [-0.99785809 -0.06541581]]
 370.0
 369.3333333333333
 [[ 0.07370501 -0.99728009]
 [-0.99728009 -0.07370501]]
 6730.666666666664
 6730.333333333333
 [[ 0.02438179 -0.99970272]
 [-0.99970272 -0.02438179]]
 948.0625
 948.8125
 [[ 0.03249457 -0.99947191]
 [-0.99947191 -0.03249457]]
 1820.2799999999997
 1820.6799999999998
 [[ 0.0406124  -0.99917498]
 [-0.99917498 -0.0406124 ]]
 844.0
 844.6666666666666
 [[ 0.04871294 -0.99881282]
 [-0.99881282 -0.04871294]]
 311.0408163265307
 311.89795918367355
 [[ 0.05679252 -0.998386  ]
 [-0.998386   -0.05679252]]
 713.671875
 714.296875
 [[ 0.06489217 -0.99789228]
 [-0.99789228 -0.06489217]]
 376.8888888888889
 377.6666666666667
 [[ 0.07295417 -0.99733529]
 [-0.99733529 -0.07295417]]
 152.88
 152.85999999999999
 [[ 0.08114452 -0.99670235]
 [-0.99670235 -0.08114452]]
 1.25
 2.25
 [[ 0.  1.]
 [ 1.  0.]]
 624.44
 617.9599999999999
 [[ 0.08046408 -0.99675751]
 [-0.99675751 -0.08046408]]
 994.75
 995.5
 [[ 0.03172207 -0.99949673]
 [-0.99949673 -0.03172207]]
 2546.16
 2546.3599999999997
 [[ 0.03964822 -0.9992137 ]
 [-0.9992137  -0.03964822]]
 1.1666666666666667
 2.166666666666667
 [[ 0.  1.]
 [ 1.  0.]]
 1301.7142857142853
 1302.142857142857
 [[ 0.05546394 -0.99846069]
 [-0.99846069 -0.05546394]]
 499.5
 500.25
 [[ 0.06334864 -0.99799146]
 [-0.99799146 -0.06334864]]
 196.6543209876543
 196.77777777777777
 [[ 0.07149257 -0.99744113]
 [-0.99744113 -0.07149257]]
 3588.2222222222226
 3588.555555555556
 [[ 0.02361327 -0.99972117]
 [-0.99972117 -0.02361327]]
 4038.5
 4038.5
 [[ 0.0314785  -0.99950443]
 [-0.99950443 -0.0314785 ]]
 2586.6399999999994
 2586.8399999999997
 [[ 0.03933656 -0.99922602]
 [-0.99922602 -0.03933656]]
 450.3611111111112
 451.1944444444445
 [[ 0.04717399 -0.99888669]
 [-0.99888669 -0.04717399]]
 661.7551020408162
 662.4693877551019
 [[ 0.05502271 -0.9984851 ]
 [-0.9984851  -0.05502271]]
 1.125
 2.125
 [[ 0.  1.]
 [ 1.  0.]]
 401.58024691358037
 402.358024691358
 [[ 0.07066934 -0.9974998 ]
 [-0.9974998  -0.07066934]]
 161.88
 162.32
 [[ 0.07884166 -0.99688715]
 [-0.99688715 -0.07884166]]
 3.3333333333333335
 4.333333333333334
 [[ 0.  1.]
 [ 1.  0.]]
 -0.9900000000000001
 0.019999999999999907
 [[ 0.9987335  -0.05031307]
 [ 0.05031307  0.9987335 ]]
 7402.666666666664
 7402.333333333333
 [[ 0.02324848 -0.99972972]
 [-0.99972972 -0.02324848]]
 4166.5
 4166.5
 [[ 0.030991   -0.99951966]
 [-0.99951966 -0.030991  ]]
 1334.88
 1335.48
 [[ 0.03872481 -0.99924991]
 [-0.99924991 -0.03872481]]
 1.1666666666666667
 2.166666666666667
 [[ 0.  1.]
 [ 1.  0.]]
 1.1428571428571428
 2.142857142857143
 [[ 0.  1.]
 [ 1.  0.]]
 1.125
 2.125
 [[ 0.  1.]
 [ 1.  0.]]
 207.66666666666663
 208.55555555555554
 [[ 0.06956101 -0.9975777 ]
 [-0.9975777  -0.06956101]]
 -0.9
 0.10999999999999999
 [[ 0.99861095 -0.05268947]
 [ 0.05268947  0.99861095]]
 2116.25
 2116.75
 [[ 0.03075104 -0.99952707]
 [-0.99952707 -0.03075104]]
 1355.6000000000004
 1356.2
 [[ 0.03842745 -0.99926139]
 [-0.99926139 -0.03842745]]
 471.77777777777777
 472.61111111111114
 [[ 0.04608847 -0.99893736]
 [-0.99893736 -0.04608847]]
 1039.2653061224491
 1039.8367346938776
 [[ 0.05376088 -0.99855384]
 [-0.99855384 -0.05376088]]
 266.3125
 267.1875
 [[ 0.06139343 -0.99811364]
 [-0.99811364 -0.06139343]]
 209.25925925925924
 207.76543209876542
 [[ 0.06929332 -0.99759633]
 [-0.99759633 -0.06929332]]
 7750.666666666664
 7750.333333333333
 [[ 0.02272043 -0.99974186]
 [-0.99974186 -0.02272043]]
 2181.75
 2182.25
 [[ 0.03028566 -0.99954128]
 [-0.99954128 -0.03028566]]
 699.36
 700.16
 [[ 0.03784082 -0.99928378]
 [-0.99928378 -0.03784082]]
 1941.833333333334
 1942.1666666666667
 [[ 0.04540377 -0.99896872]
 [-0.99896872 -0.04540377]]
 1071.3469387755104
 1071.9183673469388
 [[ 0.05294884 -0.99859723]
 [-0.99859723 -0.05294884]]
 -1.703125
 -0.6875
 [[ 0.99892473 -0.04636154]
 [ 0.04636154  0.99892473]]
 1.3333333333333333
 2.333333333333333
 [[ 0.  1.]
 [ 1.  0.]]
 1.25
 2.25
 [[ 0.  1.]
 [ 1.  0.]]
 2836.24
 2836.44
 [[ 0.0375648  -0.99929419]
 [-0.99929419 -0.0375648 ]]
 493.6944444444445
 494.5277777777778
 [[ 0.04505173 -0.99898466]
 [-0.99898466 -0.04505173]]
 1.1428571428571428
 2.142857142857143
 [[ 0.  1.]
 [ 1.  0.]]
 837.3125
 832.09375
 [[ 0.0600424  -0.99819583]
 [-0.99819583 -0.0600424 ]]
 280.75
 278.5
 [[ 0.05978652 -0.99821119]
 [-0.99821119 -0.05978652]]
 55763.0
 55357.0
 [[ 0.00735274 -0.99997297]
 [-0.99997297 -0.00735274]]
 -137.0
 -135.0
 [[ 0.99997336 -0.00729869]
 [ 0.00729869  0.99997336]]
 57411.0
 56999.0
 [[ 0.00724619 -0.99997375]
 [-0.99997375 -0.00724619]]
 19322.0
 19185.0
 [[ 0.00719406 -0.99997412]
 [-0.99997412 -0.00719406]]
 -140.0
 -138.0
 [[ 0.99997449 -0.00714231]
 [ 0.00714231  0.99997449]]
 19886.0
 19745.0
 [[ 0.0070913  -0.99997486]
 [-0.99997486 -0.0070913 ]]
 8968.444444444438
 8968.111111111111
 [[ 0.02112126 -0.99977692]
 [-0.99977692 -0.02112126]]
 1262.75
 1263.5
 [[ 0.02815227 -0.99960365]
 [-0.99960365 -0.02815227]]
 2424.4799999999996
 2424.88
 [[ 0.03518656 -0.99938076]
 [-0.99938076 -0.03518656]]
 562.4444444444445
 563.2777777777778
 [[ 0.04220334 -0.99910904]
 [-0.99910904 -0.04220334]]
 413.7959183673469
 414.65306122448976
 [[ 0.04921898 -0.99878801]
 [-0.99878801 -0.04921898]]
 -1.859375
 -0.84375
 [[ 0.99903904 -0.04382928]
 [ 0.04382928  0.99903904]]
 4548.222222222224
 4548.555555555556
 [[ 0.02097287 -0.99978005]
 [-0.99978005 -0.02097287]]
 3839.1875
 3839.4375
 [[ 0.02795927 -0.99960906]
 [-0.99960906 -0.02795927]]
 3277.84
 3278.04
 [[ 0.03494155 -0.99938936]
 [-0.99938936 -0.03494155]]
 570.3611111111112
 571.1944444444445
 [[ 0.0419089  -0.99912144]
 [-0.99912144 -0.0419089 ]]
 1256.5510204081634
 1257.1224489795918
 [[ 0.04888695 -0.99880432]
 [-0.99880432 -0.04888695]]
 321.5
 320.28125
 [[ 0.05585794 -0.99843873]
 [-0.99843873 -0.05585794]]
 1304.609375
 1299.125
 [[ 0.05549696 -0.99845886]
 [-0.99845886 -0.05549696]]
 9351.111111111117
 9350.77777777778
 [[ 0.02068449 -0.99978605]
 [-0.99978605 -0.02068449]]
 3947.1875
 3947.4375
 [[ 0.02757397 -0.99961977]
 [-0.99961977 -0.02757397]]
 2527.7999999999993
 2528.2
 [[ 0.03445955 -0.99940609]
 [-0.99940609 -0.03445955]]
 1.1666666666666667
 2.166666666666667
 [[ 0.  1.]
 [ 1.  0.]]
 1.1428571428571428
 2.142857142857143
 [[ 0.  1.]
 [ 1.  0.]]
 329.25
 328.625
 [[ 0.05519489 -0.9984756 ]
 [-0.9984756  -0.05519489]]
 2371.1111111111113
 2371.777777777778
 [[ 0.02054072 -0.99978902]
 [-0.99978902 -0.02054072]]
 4001.75
 4002.0
 [[ 0.02738527 -0.99962495]
 [-0.99962495 -0.02738527]]
 1.2
 2.2
 [[ 0.  1.]
 [ 1.  0.]]
 594.4444444444443
 595.2777777777777
 [[ 0.04104972 -0.99915711]
 [-0.99915711 -0.04104972]]
 -5.469387755102041
 -4.387755102040816
 [[ 0.99900515 -0.0445949 ]
 [ 0.0445949   0.99900515]]
 1371.5
 1372.25
 [[ 0.02701224 -0.9996351 ]
 [-0.9996351  -0.02701224]]
 2633.2799999999997
 2633.68
 [[ 0.03376196 -0.9994299 ]
 [-0.9994299  -0.03376196]]
 2439.611111111113
 2439.944444444445
 [[ 0.0405045  -0.99917936]
 [-0.99917936 -0.0405045 ]]
 1793.7959183673465
 1794.2244897959183
 [[ 0.04724073 -0.99888353]
 [-0.99888353 -0.04724073]]
 687.875
 688.625
 [[ 0.05396546 -0.9985428 ]
 [-0.9985428  -0.05396546]]
 1088.8148148148148
 1085.1851851851852
 [[ 0.06073628 -0.99815385]
 [-0.99815385 -0.06073628]]
 2469.4444444444443
 2470.111111111111
 [[ 0.02012743 -0.99979742]
 [-0.99979742 -0.02012743]]
 1390.0625
 1390.8125
 [[ 0.02683114 -0.99963998]
 [-0.99963998 -0.02683114]]
 2668.92
 2669.32
 [[ 0.03353566 -0.99943752]
 [-0.99943752 -0.03353566]]
 2472.611111111113
 2472.9444444444443
 [[ 0.04023314 -0.99919032]
 [-0.99919032 -0.04023314]]
 1818.040816326531
 1818.469387755102
 [[ 0.04692442 -0.99889844]
 [-0.99889844 -0.04692442]]
 697.15625
 697.90625
 [[ 0.05360445 -0.99856225]
 [-0.99856225 -0.05360445]]
 826.7037037037039
 827.3703703703703
 [[ 0.06028471 -0.99818122]
 [-0.99818122 -0.06028471]]
 894.0
 891.85
 [[ 0.0670164  -0.99775187]
 [-0.99775187 -0.0670164 ]]
 10016.666666666672
 10008.333333333334
 [[ 0.01999134 -0.99980015]
 [-0.99980015 -0.01999134]]
 225.59
 225.8
 [[ 0.06672813 -0.99777119]
 [-0.99777119 -0.06672813]]
 1.3333333333333333
 2.333333333333333
 [[ 0.  1.]
 [ 1.  0.]]
 1427.5625
 1428.3125
 [[ 0.02647614 -0.99964945]
 [-0.99964945 -0.02647614]]
 1.2
 2.2
 [[ 0.  1.]
 [ 1.  0.]]
 1.1666666666666667
 2.166666666666667
 [[ 0.  1.]
 [ 1.  0.]]
 1.1428571428571428
 2.142857142857143
 [[ 0.  1.]
 [ 1.  0.]]
 1430.6875
 1431.1875
 [[ 0.05290132 -0.99859974]
 [-0.99859974 -0.05290132]]
 1131.5308641975298
 1132.0864197530864
 [[ 0.05949123 -0.99822883]
 [-0.99822883 -0.05949123]]
 458.7199999999999
 457.91
 [[ 0.06616796 -0.9978085 ]
 [-0.9978085  -0.06616796]]
 1.25
 2.25
 [[ 0.  1.]
 [ 1.  0.]]
 1851.9199999999996
 1852.52
 [[ 0.0328734  -0.99945952]
 [-0.99945952 -0.0328734 ]]
 1287.0555555555557
 1287.7222222222222
 [[ 0.03943786 -0.99922202]
 [-0.99922202 -0.03943786]]
 1419.1020408163267
 1419.673469387755
 [[ 0.04599925 -0.99894147]
 [-0.99894147 -0.04599925]]
 1449.625
 1450.125
 [[ 0.05255431 -0.99861807]
 [-0.99861807 -0.05255431]]
 287.4074074074074
 284.5925925925926
 [[ 0.05908659 -0.99825286]
 [-0.99825286 -0.05908659]]
 476.7500000000002
 476.08000000000004
 [[ 0.06489476 -0.99789211]
 [-0.99789211 -0.06489476]]
 1.3333333333333333
 2.333333333333333
 [[ 0.  1.]
 [ 1.  0.]]
 3006.875
 3007.375
 [[ 0.02579572 -0.99966724]
 [-0.99966724 -0.02579572]]
 2891.0
 2889.0
 [[ 0.03223014 -0.99948047]
 [-0.99948047 -0.03223014]]
 482.94000000000005
 482.25
 [[ 0.06447659 -0.99791922]
 [-0.99791922 -0.06447659]]
 8117.333333333332
 8117.333333333333
 [[ 0.01922642 -0.99981516]
 [-0.99981516 -0.01922642]]
 1523.5
 1524.25
 [[ 0.02562839 -0.99967154]
 [-0.99967154 -0.02562839]]
 3899.76
 3899.96
 [[ 0.03203319 -0.99948681]
 [-0.99948681 -0.03203319]]
 1.1666666666666667
 2.166666666666667
 [[ 0.  1.]
 [ 1.  0.]]
 1992.3265306122448
 1992.7551020408162
 [[ 0.04482348 -0.99899492]
 [-0.99899492 -0.04482348]]
 1527.25
 1527.25
 [[ 0.05120638 -0.99868809]
 [-0.99868809 -0.05120638]]
 -0.9700000000000002
 0.039999999999999813
 [[ 0.9987077  -0.05082252]
 [ 0.05082252  0.9987077 ]]
 1.1666666666666667
 2.166666666666667
 [[ 0.  1.]
 [ 1.  0.]]
 1009.510204081633
 1010.2244897959183
 [[ 0.04453544 -0.99900781]
 [-0.99900781 -0.04453544]]
 1546.1875
 1546.6875
 [[ 0.05088528 -0.9987045 ]
 [-0.9987045  -0.05088528]]
 306.5308641975308
 307.4197530864197
 [[ 0.05721013 -0.99836216]
 [-0.99836216 -0.05721013]]
 746.1999999999998
 742.8
 [[ 0.06357455 -0.99797709]
 [-0.99797709 -0.06357455]]
 1238.3456790123446
 1238.9012345679012
 [[ 0.05686475 -0.99838189]
 [-0.99838189 -0.05686475]]
 502.69999999999993
 499.21999999999997
 [[ 0.06328024 -0.9979958 ]
 [-0.9979958  -0.06328024]]
 -160.0
 -158.0
 [[ 0.99998047 -0.00624963]
 [ 0.00624963  0.99998047]]
 104171.0
 103529.0
 [[ 0.00621106 -0.99998071]
 [-0.99998071 -0.00621106]]
 79059.0
 78575.0
 [[ 0.00617272 -0.99998095]
 [-0.99998095 -0.00617272]]
 26570.0
 26409.0
 [[ 0.00613486 -0.99998118]
 [-0.99998118 -0.00613486]]
 26897.0
 26735.0
 [[ 0.00609745 -0.99998141]
 [-0.99998141 -0.00609745]]
 109409.0
 108743.0
 [[ 0.00606038 -0.99998164]
 [-0.99998164 -0.00606038]]
 3066.444444444445
 3066.1111111111113
 [[ 0.01806148 -0.99983688]
 [-0.99983688 -0.01806148]]
 1.1428571428571428
 2.142857142857143
 [[ 0.  1.]
 [ 1.  0.]]
 1727.875
 1728.375
 [[ 0.04813343 -0.99884091]
 [-0.99884091 -0.04813343]]
 342.41975308641975
 343.3086419753086
 [[ 0.05411979 -0.99853445]
 [-0.99853445 -0.05411979]]
 831.19
 829.32
 [[ 0.06018308 -0.99818736]
 [-0.99818736 -0.06018308]]
 3103.4444444444443
 3103.111111111111
 [[ 0.01795345 -0.99983882]
 [-0.99983882 -0.01795345]]
 1.1428571428571428
 2.142857142857143
 [[ 0.  1.]
 [ 1.  0.]]
 438.015625
 438.890625
 [[ 0.04783566 -0.99885522]
 [-0.99885522 -0.04783566]]
 1037.3703703703704
 1038.037037037037
 [[ 0.05380837 -0.99855128]
 [-0.99855128 -0.05380837]]
 -1.38
 -0.3699999999999999
 [[ 0.99911416 -0.04208193]
 [ 0.04208193  0.99911416]]
 2.3333333333333335
 3.3333333333333335
 [[ 0.  1.]
 [ 1.  0.]]
 578.8571428571429
 579.4285714285714
 [[ 0.0415997  -0.99913436]
 [-0.99913436 -0.0415997 ]]
 -1.3900000000000001
 -0.3800000000000001
 [[ 0.99912156 -0.04190605]
 [ 0.04190605  0.99912156]]
 12700.444444444438
 12700.111111111111
 [[ 0.01774822 -0.99984249]
 [-0.99984249 -0.01774822]]
 1.25
 2.25
 [[ 0.  1.]
 [ 1.  0.]]
 2288.4800000000005
 2289.08
 [[ 0.02957027 -0.9995627 ]
 [-0.9995627  -0.02957027]]
 1.1666666666666667
 2.166666666666667
 [[ 0.  1.]
 [ 1.  0.]]
 585.7346938775509
 586.3061224489795
 [[ 0.04135433 -0.99914454]
 [-0.99914454 -0.04135433]]
 861.7999999999997
 859.54
 [[ 0.05910987 -0.99825148]
 [-0.99825148 -0.05910987]]
 3616.25
 3616.75
 [[ 0.02352128 -0.99972334]
 [-0.99972334 -0.02352128]]
 4630.0
 4630.2
 [[ 0.02939778 -0.99956779]
 [-0.99956779 -0.02939778]]
 1.6666666666666667
 2.666666666666667
 [[ 0.  1.]
 [ 1.  0.]]
 874.96
 867.9
 [[ 0.05877013 -0.99827154]
 [-0.99827154 -0.05877013]]
 6578.222222222223
 6578.555555555556
 [[ 0.01743832 -0.99984794]
 [-0.99984794 -0.01743832]]
 1851.5
 1852.25
 [[ 0.02324639 -0.99972977]
 [-0.99972977 -0.02324639]]
 3554.880000000001
 3555.28
 [[ 0.02905586 -0.99957779]
 [-0.99957779 -0.02905586]]
 1647.0555555555557
 1647.7222222222224
 [[ 0.03485899 -0.99939224]
 [-0.99939224 -0.03485899]]
 606.0408163265306
 606.8979591836735
 [[ 0.04065442 -0.99917327]
 [-0.99917327 -0.04065442]]
 927.875
 928.625
 [[ 0.04645515 -0.99892038]
 [-0.99892038 -0.04645515]]
 367.4567901234568
 368.34567901234567
 [[ 0.05223829 -0.99863465]
 [-0.99863465 -0.05223829]]
 296.43
 296.42
 [[ 0.0581802 -0.9983061]
 [-0.9983061 -0.0581802]]
 9981.666666666664
 9981.666666666666
 [[ 0.01733785 -0.99984969]
 [-0.99984969 -0.01733785]]
 3744.875
 3745.375
 [[ 0.02311367 -0.99973284]
 [-0.99973284 -0.02311367]]
 4794.639999999999
 4794.84
 [[ 0.02888847 -0.99958264]
 [-0.99958264 -0.02888847]]
 1.1666666666666667
 2.166666666666667
 [[ 0.  1.]
 [ 1.  0.]]
 1.1428571428571428
 2.142857142857143
 [[ 0.  1.]
 [ 1.  0.]]
 1876.1875
 1876.6875
 [[ 0.04619034 -0.99893266]
 [-0.99893266 -0.04619034]]
 1.1111111111111112
 2.111111111111111
 [[ 0.  1.]
 [ 1.  0.]]
 -1.24
 -0.22999999999999998
 [[ 0.99900008 -0.04470849]
 [ 0.04470849  0.99900008]]
 1213.4400000000003
 1214.24
 [[ 0.02871904 -0.99958752]
 [-0.99958752 -0.02871904]]
 3380.9722222222226
 3364.6666666666665
 [[ 0.03446745 -0.99940582]
 [-0.99940582 -0.03446745]]
 6809.555555555557
 6809.88888888889
 [[ 0.0171395  -0.99985311]
 [-0.99985311 -0.0171395 ]]
 1916.5625
 1917.3125
 [[ 0.02284819 -0.99973895]
 [-0.99973895 -0.02284819]]
 2453.5999999999995
 2454.2
 [[ 0.02855745 -0.99959215]
 [-0.99959215 -0.02855745]]
 2556.75
 2557.25
 [[ 0.03426335 -0.99941284]
 [-0.99941284 -0.03426335]]
 1.1428571428571428
 2.142857142857143
 [[ 0.  1.]
 [ 1.  0.]]
 -2.375
 -1.359375
 [[ 0.99931036 -0.0371323 ]
 [ 0.0371323   0.99931036]]
 10330.666666666664
 10330.666666666666
 [[ 0.01704243 -0.99985477]
 [-0.99985477 -0.01704243]]
 7752.75
 7750.75
 [[ 0.02271921 -0.99974189]
 [-0.99974189 -0.02271921]]
 1.1428571428571428
 2.142857142857143
 [[ 0.  1.]
 [ 1.  0.]]
 484.6875
 480.875
 [[ 0.04546788 -0.9989658 ]
 [-0.9989658  -0.04546788]]
 3525.777777777778
 3525.1111111111113
 [[ 0.01684357 -0.99985814]
 [-0.99985814 -0.01684357]]
 994.015625
 990.71875
 [[ 0.04492708 -0.99899027]
 [-0.99899027 -0.04492708]]
 10692.333333333336
 10687.333333333334
 [[ 0.01675429 -0.99985964]
 [-0.99985964 -0.01675429]]
 1590.5555555555557
 1585.395061728395
 [[ 0.05023716 -0.99873732]
 [-0.99873732 -0.05023716]]
 3602.666666666667
 3603.3333333333335
 [[ 0.01666281 -0.99986117]
 [-0.99986117 -0.01666281]]
 6080.0
 6080.25
 [[ 0.02221582 -0.9997532 ]
 [-0.9997532  -0.02221582]]
 3892.7999999999993
 3893.2
 [[ 0.02776564 -0.99961446]
 [-0.99961446 -0.02776564]]
 1803.5
 1804.1666666666667
 [[ 0.03331175 -0.99944501]
 [-0.99944501 -0.03331175]]
 1325.8775510204073
 1326.5918367346937
 [[ 0.03885533 -0.99924485]
 [-0.99924485 -0.03885533]]
 1015.875
 1016.625
 [[ 0.04439515 -0.99901405]
 [-0.99901405 -0.04439515]]
 1204.4444444444443
 1205.111111111111
 [[ 0.04993302 -0.99875257]
 [-0.99875257 -0.04993302]]
 976.79
 974.5
 [[ 0.05551014 -0.99845812]
 [-0.99845812 -0.05551014]]
 10925.666666666664
 10925.666666666666
 [[ 0.0165718  -0.99986268]
 [-0.99986268 -0.0165718 ]]
 2050.0625
 2050.8125
 [[ 0.02209136 -0.99975596]
 [-0.99975596 -0.02209136]]
 1312.84
 1313.64
 [[ 0.02760957 -0.99961878]
 [-0.99961878 -0.02760957]]
 1823.5555555555557
 1824.2222222222224
 [[ 0.03312795 -0.99945112]
 [-0.99945112 -0.03312795]]
 670.8775510204081
 671.734693877551
 [[ 0.03863691 -0.99925332]
 [-0.99925332 -0.03863691]]
 1.125
 2.125
 [[ 0.  1.]
 [ 1.  0.]]
 1217.8148148148148
 1218.4814814814815
 [[ 0.04965788 -0.99876629]
 [-0.99876629 -0.04965788]]
 -1.5200000000000002
 -0.5100000000000002
 [[ 0.99920981 -0.03974617]
 [ 0.03974617  0.99920981]]
 14787.333333333328
 14707.555555555557
 [[ 0.01648128 -0.99986417]
 [-0.99986417 -0.01648128]]
 11204.88888888889
 11147.0
 [[ 0.01639223 -0.99986564]
 [-0.99986564 -0.01639223]]
 67718.0
 67717.0
 [[ 0.00543462 -0.99998523]
 [-0.99998523 -0.00543462]]
 16932.5
 16932.5
 [[ 0.0108686  -0.99994093]
 [-0.99994093 -0.0108686 ]]
 3764.4444444444443
 3765.1111111111113
 [[ 0.01630074 -0.99986713]
 [-0.99986713 -0.01630074]]
 2118.5
 2119.25
 [[ 0.02173143 -0.99976384]
 [-0.99976384 -0.02173143]]
 4067.5200000000004
 4067.9200000000005
 [[ 0.02716255 -0.99963103]
 [-0.99963103 -0.02716255]]
 3767.6111111111095
 3767.944444444445
 [[ 0.03258993 -0.99946881]
 [-0.99946881 -0.03258993]]
 1385.3061224489797
 1386.0204081632653
 [[ 0.03801206 -0.99927728]
 [-0.99927728 -0.03801206]]
 529.234375
 528.25
 [[ 0.04350976 -0.999053  ]
 [-0.999053   -0.04350976]]
 136910.0
 136907.0
 [[ 0.00540529 -0.99998539]
 [-0.99998539 -0.00540529]]
 1.5
 2.5
 [[ 0.  1.]
 [ 1.  0.]]
 1.3333333333333333
 2.333333333333333
 [[ 0.  1.]
 [ 1.  0.]]
 6422.1875
 6422.4375
 [[ 0.02161573 -0.99976635]
 [-0.99976635 -0.02161573]]
 2741.5999999999985
 2742.2
 [[ 0.02701519 -0.99963502]
 [-0.99963502 -0.02701519]]
 3808.6111111111095
 3808.944444444444
 [[ 0.03241397 -0.99947453]
 [-0.99947453 -0.03241397]]
 2099.9795918367345
 2100.5510204081634
 [[ 0.03780821 -0.99928501]
 [-0.99928501 -0.03780821]]
 1611.5625
 1605.78125
 [[ 0.04321982 -0.99906559]
 [-0.99906559 -0.04321982]]
 2.6666666666666665
 3.6666666666666665
 [[ 0.  1.]
 [ 1.  0.]]
 541.296875
 540.03125
 [[ 0.04302128 -0.99907416]
 [-0.99907416 -0.04302128]]
 7774.888888888889
 7775.222222222223
 [[ 0.01604003 -0.99987135]
 [-0.99987135 -0.01604003]]
 4374.875
 4375.375
 [[ 0.02138426 -0.99977133]
 [-0.99977133 -0.02138426]]
 1401.16
 1401.96
 [[ 0.0267246  -0.99964283]
 [-0.99964283 -0.0267246 ]]
 973.6944444444445
 974.5277777777778
 [[ 0.03206357 -0.99948583]
 [-0.99948583 -0.03206357]]
 2860.326530612245
 2860.7551020408164
 [[ 0.03740509 -0.99930018]
 [-0.99930018 -0.03740509]]
 2196.8125
 2188.140625
 [[ 0.04275152 -0.99908574]
 [-0.99908574 -0.04275152]]
 2211.5
 2212.25
 [[ 0.02126938 -0.99977378]
 [-0.99977378 -0.02126938]]
 5661.039999999994
 5661.24
 [[ 0.0265854  -0.99964655]
 [-0.99964655 -0.0265854 ]]
 3932.9444444444434
 3933.2777777777774
 [[ 0.0318973  -0.99949115]
 [-0.99949115 -0.0318973 ]]
 2908.8775510204086
 2882.6938775510203
 [[ 0.03721945 -0.99930712]
 [-0.99930712 -0.03721945]]
 36104.0
 36104.0
 [[ 0.00526294 -0.99998615]
 [-0.99998615 -0.00526294]]
 9028.0
 9028.5
 [[ 0.01052515 -0.99994461]
 [-0.99994461 -0.01052515]]
 8026.222222222223
 8026.555555555556
 [[ 0.01578685 -0.99987538]
 [-0.99987538 -0.01578685]]
 1.25
 2.25
 [[ 0.  1.]
 [ 1.  0.]]
 1446.4
 1447.2
 [[ 0.02630304 -0.99965402]
 [-0.99965402 -0.02630304]]
 1005.1111111111111
 1005.9444444444445
 [[ 0.03155798 -0.99950192]
 [-0.99950192 -0.03155798]]
 2214.775510204082
 2215.3469387755104
 [[ 0.03681475 -0.99932211]
 [-0.99932211 -0.03681475]]
 -2.859375
 -1.84375
 [[ 0.99947275 -0.03246888]
 [ 0.03246888  0.99947275]]
 36485.0
 36485.0
 [[ 0.00523539 -0.9999863 ]
 [-0.9999863  -0.00523539]]
 18245.0
 18245.0
 [[ 0.01047034 -0.99994518]
 [-0.99994518 -0.01047034]]
 4056.1111111111104
 4056.7777777777774
 [[ 0.01570358 -0.99987669]
 [-0.99987669 -0.01570358]]
 9126.5
 9126.5
 [[ 0.02093724 -0.99978079]
 [-0.99978079 -0.02093724]]
 1461.6399999999999
 1462.44
 [[ 0.02616546 -0.99965763]
 [-0.99965763 -0.02616546]]
 4059.2777777777774
 4059.611111111111
 [[ 0.03139684 -0.999507  ]
 [-0.999507   -0.03139684]]
 746.7959183673469
 747.6530612244898
 [[ 0.03661762 -0.99932935]
 [-0.99932935 -0.03661762]]
 1717.5
 1711.4375
 [[ 0.04186353 -0.99912334]
 [-0.99912334 -0.04186353]]
 16397.333333333343
 16391.666666666668
 [[ 0.0156215  -0.99987798]
 [-0.99987798 -0.0156215 ]]
 -2.640625
 -1.625
 [[ 0.99940741 -0.03442144]
 [ 0.03442144  0.99940741]]
 16561.777777777766
 16561.44444444444
 [[ 0.01554185 -0.99987922]
 [-0.99987922 -0.01554185]]
 2330.5625
 2331.3125
 [[ 0.02071872 -0.99978534]
 [-0.99978534 -0.02071872]]
 1.2
 2.2
 [[ 0.  1.]
 [ 1.  0.]]
 3108.75
 3109.25
 [[ 0.03107141 -0.99951717]
 [-0.99951717 -0.03107141]]
 1523.795918367347
 1524.5102040816328
 [[ 0.0362422  -0.99934304]
 [-0.99934304 -0.0362422 ]]
 -2.53125
 -1.515625
 [[ 0.99937009 -0.03548835]
 [ 0.03548835  0.99937009]]
 4708.25
 4708.75
 [[ 0.02061308 -0.99978753]
 [-0.99978753 -0.02061308]]
 4521.120000000001
 4521.52
 [[ 0.0257635  -0.99966807]
 [-0.99966807 -0.0257635 ]]
 3141.0
 3141.5
 [[ 0.03091141 -0.99952213]
 [-0.99952213 -0.03091141]]
 2321.7142857142853
 2300.7551020408164
 [[ 0.03606812 -0.99934933]
 [-0.99934933 -0.03606812]]
 12810.666666666664
 12810.666666666666
 [[ 0.01530393 -0.99988289]
 [-0.99988289 -0.01530393]]
 9610.25
 9610.25
 [[ 0.02040338 -0.99979183]
 [-0.99979183 -0.02040338]]
 1539.04
 1539.8400000000001
 [[ 0.02549859 -0.99967486]
 [-0.99967486 -0.02549859]]
 4274.277777777777
 4274.61111111111
 [[ 0.03059672 -0.99953181]
 [-0.99953181 -0.03059672]]
 786.2857142857142
 787.1428571428571
 [[ 0.03568504 -0.99936309]
 [-0.99936309 -0.03568504]]
 1805.75
 1806.0
 [[ 0.04077673 -0.99916828]
 [-0.99916828 -0.04077673]]
 771.6199999999999
 772.4200000000001
 [[ 0.05094754 -0.99870133]
 [-0.99870133 -0.05094754]]
 318.02479338842977
 318.1404958677686
 [[ 0.05616368 -0.99842158]
 [-0.99842158 -0.05616368]]
 12941.666666666664
 12941.666666666666
 [[ 0.01522627 -0.99988407]
 [-0.99988407 -0.01522627]]
 4854.875
 4855.375
 [[ 0.02029934 -0.99979395]
 [-0.99979395 -0.02029934]]
 6215.439999999999
 6215.639999999999
 [[ 0.02537172 -0.99967809]
 [-0.99967809 -0.02537172]]
 3238.75
 3239.25
 [[ 0.03044117 -0.99953656]
 [-0.99953656 -0.03044117]]
 2380.632653061224
 2381.204081632653
 [[ 0.03550845 -0.99936938]
 [-0.99936938 -0.03550845]]
 1824.171875
 1824.421875
 [[ 0.04057014 -0.99917669]
 [-0.99917669 -0.04057014]]
 1168.6700000000005
 1169.3700000000001
 [[ 0.05069182 -0.99871434]
 [-0.99871434 -0.05069182]]
 645.5123966942151
 641.4876033057851
 [[ 0.05581481 -0.99844114]
 [-0.99844114 -0.05581481]]
 4402.777777777778
 4403.444444444444
 [[ 0.01507252 -0.9998864 ]
 [-0.9998864  -0.01507252]]
 4953.875
 4954.375
 [[ 0.02009543 -0.99979807]
 [-0.99979807 -0.02009543]]
 1.2
 2.2
 [[ 0.  1.]
 [ 1.  0.]]
 1102.361111111111
 1103.1944444444443
 [[ 0.0301325  -0.99954591]
 [-0.99954591 -0.0301325 ]]
 1619.7959183673465
 1620.5102040816325
 [[ 0.03515104 -0.99938201]
 [-0.99938201 -0.03515104]]
 1241.75
 1237.796875
 [[ 0.04018901 -0.9991921 ]
 [-0.9991921  -0.04018901]]
 1.3333333333333333
 2.333333333333333
 [[ 0.  1.]
 [ 1.  0.]]
 1.25
 2.25
 [[ 0.  1.]
 [ 1.  0.]]
 1.2
 2.2
 [[ 0.  1.]
 [ 1.  0.]]
 2225.7222222222226
 2226.388888888889
 [[ 0.02998426 -0.99955037]
 [-0.99955037 -0.02998426]]
 2453.551020408164
 2454.122448979592
 [[ 0.03497655 -0.99938813]
 [-0.99938813 -0.03497655]]
 2514.359375
 2502.875
 [[ 0.03996812 -0.99920096]
 [-0.99920096 -0.03996812]]
 632.0
 630.5
 [[ 0.03980931 -0.9992073 ]
 [-0.9992073  -0.03980931]]
 9071.555555555555
 9071.888888888889
 [[ 0.0148493  -0.99988974]
 [-0.99988974 -0.0148493 ]]
 1.25
 2.25
 [[ 0.  1.]
 [ 1.  0.]]
 4901.280000000001
 4901.68
 [[ 0.02474389 -0.99969382]
 [-0.99969382 -0.02474389]]
 1135.7777777777778
 1136.611111111111
 [[ 0.02968552 -0.99955929]
 [-0.99955929 -0.02968552]]
 2502.775510204083
 2503.3469387755104
 [[ 0.0346307  -0.99940018]
 [-0.99940018 -0.0346307 ]]
 -2.796875
 -1.78125
 [[ 0.99945523 -0.03300381]
 [ 0.03300381  0.99945523]]
 9161.555555555551
 9161.888888888889
 [[ 0.01477617 -0.99989083]
 [-0.99989083 -0.01477617]]
 2578.0625
 2578.8125
 [[ 0.0196987  -0.99980596]
 [-0.99980596 -0.0196987 ]]
 1.2
 2.2
 [[ 0.  1.]
 [ 1.  0.]]
 1147.0277777777776
 1147.861111111111
 [[ 0.02953946 -0.99956362]
 [-0.99956362 -0.02953946]]
 841.204081632653
 834.8571428571429
 [[ 0.03449811 -0.99940476]
 [-0.99940476 -0.03449811]]
 2.0
 3.0
 [[ 0.  1.]
 [ 1.  0.]]
 2.0
 3.0
 [[ 0.  1.]
 [ 1.  0.]]
 7885.6875
 7885.1875
 [[ 0.01950724 -0.99980972]
 [-0.99980972 -0.01950724]]
 2338.2222222222226
 2338.8888888888887
 [[ 0.02925368 -0.99957202]
 [-0.99957202 -0.02925368]]
 -4.061224489795918
 -3.040816326530612
 [[ 0.9995993  -0.02830601]
 [ 0.02830601  0.9995993 ]]
 127316.0
 127314.0
 [[ 0.00485427 -0.99998822]
 [-0.99998822 -0.00485427]]
 21222.5
 21222.5
 [[ 0.00970805 -0.99995288]
 [-0.99995288 -0.00970805]]
 14150.666666666664
 14150.666666666666
 [[ 0.01456122 -0.99989398]
 [-0.99989398 -0.01456122]]
 2654.75
 2655.5
 [[ 0.01941199 -0.99981157]
 [-0.99981157 -0.01941199]]
 3398.4800000000005
 3399.0800000000004
 [[ 0.02426327 -0.9997056 ]
 [-0.9997056  -0.02426327]]
 2361.0555555555547
 2361.722222222222
 [[ 0.02911181 -0.99957616]
 [-0.99957616 -0.02911181]]
 1735.5102040816332
 1736.2244897959183
 [[ 0.03395819 -0.99942325]
 [-0.99942325 -0.03395819]]
 1996.109375
 1990.09375
 [[ 0.03882285 -0.99924611]
 [-0.99924611 -0.03882285]]
 171411.0
 171404.0
 [[ 0.00483081 -0.99998833]
 [-0.99998833 -0.00483081]]
 1.6666666666666667
 2.666666666666667
 [[ 0.  1.]
 [ 1.  0.]]
 5148.280000000001
 5147.4800000000005
 [[ 0.02414473 -0.99970847]
 [-0.99970847 -0.02414473]]
 2015.5
 2009.4375
 [[ 0.03863541 -0.99925337]
 [-0.99925337 -0.03863541]]
 43268.0
 43268.0
 [[ 0.00480753 -0.99998844]
 [-0.99998844 -0.00480753]]
 10819.0
 10819.5
 [[ 0.0096145  -0.99995378]
 [-0.99995378 -0.0096145 ]]
 14428.0
 14427.0
 [[ 0.01442091 -0.99989601]
 [-0.99989601 -0.01442091]]
 1732.9600000000003
 1733.7600000000002
 [[ 0.02402875 -0.99971127]
 [-0.99971127 -0.02402875]]
 3610.0
 3610.5
 [[ 0.02883283 -0.99958425]
 [-0.99958425 -0.02883283]]
 1769.3061224489793
 1770.0204081632653
 [[ 0.03363209 -0.99943428]
 [-0.99943428 -0.03363209]]
 2035.484375
 2029.0
 [[ 0.03844741 -0.99926062]
 [-0.99926062 -0.03844741]]
 32766.75
 32766.25
 [[ 0.00956879 -0.99995422]
 [-0.99995422 -0.00956879]]
 14568.333333333336
 14566.333333333334
 [[ 0.0143516  -0.99989701]
 [-0.99989701 -0.0143516 ]]
 4859.277777777774
 4859.611111111111
 [[ 0.02869533 -0.9995882 ]
 [-0.9995882  -0.02869533]]
 893.734693877551
 894.5918367346939
 [[ 0.0334687  -0.99943977]
 [-0.99943977 -0.0334687 ]]
 -2.28125
 -1.265625
 [[ 0.99927035 -0.0381937 ]
 [ 0.0381937   0.99927035]]
 1381.765625
 1377.96875
 [[ 0.03809193 -0.99927424]
 [-0.99927424 -0.03809193]]
 -211.0
 -209.0
 [[ 0.99998877 -0.00473918]
 [ 0.00473918  0.99998877]]
 135259.0
 134625.0
 [[ 0.00471693 -0.99998888]
 [-0.99998888 -0.00471693]]
 90953.0
 90529.0
 [[ 0.00469478 -0.99998898]
 [-0.99998898 -0.00469478]]
 91808.0
 91382.0
 [[ 0.00467285 -0.99998908]
 [-0.99998908 -0.00467285]]
 139108.0
 138465.0
 [[ 0.00465111 -0.99998918]
 [-0.99998918 -0.00465111]]
 -213.0
 -211.0
 [[ 0.99998898 -0.00469468]
 [ 0.00469468  0.99998898]]
 5889.875
 5890.375
 [[ 0.01842927 -0.99983017]
 [-0.99983017 -0.01842927]]
 3771.92
 3771.72
 [[ 0.0230317  -0.99973474]
 [-0.99973474 -0.0230317 ]]
 2955.09375
 2945.046875
 [[ 0.0368492  -0.99932084]
 [-0.99932084 -0.0368492 ]]
 10564.888888888887
 10565.222222222223
 [[ 0.01375973 -0.99990533]
 [-0.99990533 -0.01375973]]
 1.25
 2.25
 [[ 0.  1.]
 [ 1.  0.]]
 1.2
 2.2
 [[ 0.  1.]
 [ 1.  0.]]
 3965.666666666666
 3965.6666666666665
 [[ 0.02751021 -0.99962152]
 [-0.99962152 -0.02751021]]
 2982.328125
 2972.21875
 [[ 0.03668033 -0.99932705]
 [-0.99932705 -0.03668033]]
 15995.0
 15993.0
 [[ 0.01369649 -0.9999062 ]
 [-0.9999062  -0.01369649]]
 2668.5
 2668.8333333333335
 [[ 0.02738356 -0.999625  ]
 [-0.999625   -0.02738356]]
 -3.0625
 -2.046875
 [[ 0.99952421 -0.03084394]
 [ 0.03084394  0.99952421]]
 21517.777777777766
 21517.44444444444
 [[ 0.01363488 -0.99990704]
 [-0.99990704 -0.01363488]]
 1.25
 2.25
 [[ 0.  1.]
 [ 1.  0.]]
 1.2
 2.2
 [[ 0.  1.]
 [ 1.  0.]]
 1346.7777777777778
 1347.611111111111
 [[ 0.02725922 -0.9996284 ]
 [-0.9996284  -0.02725922]]
 1.1428571428571428
 2.142857142857143
 [[ 0.  1.]
 [ 1.  0.]]
 756.984375
 755.1875
 [[ 0.03636995 -0.99933839]
 [-0.99933839 -0.03636995]]
 16285.666666666664
 16285.666666666666
 [[ 0.01357313 -0.99990788]
 [-0.99990788 -0.01357313]]
 9162.6875
 9162.9375
 [[ 0.01809609 -0.99983625]
 [-0.99983625 -0.01809609]]
 1.2
 2.2
 [[ 0.  1.]
 [ 1.  0.]]
 2716.8888888888887
 2717.5555555555557
 [[ 0.02713766 -0.99963171]
 [-0.99963171 -0.02713766]]
 997.530612244898
 990.1632653061224
 [[ 0.03167691 -0.99949816]
 [-0.99949816 -0.03167691]]
 22108.444444444453
 22108.11111111111
 [[ 0.01345149 -0.99990952]
 [-0.99990952 -0.01345149]]
 1.25
 2.25
 [[ 0.  1.]
 [ 1.  0.]]
 7962.640000000003
 7962.840000000001
 [[ 0.02241533 -0.99974874]
 [-0.99974874 -0.02241533]]
 1.1666666666666667
 2.166666666666667
 [[ 0.  1.]
 [ 1.  0.]]
 3049.2040816326553
 3049.775510204082
 [[ 0.03137321 -0.99950774]
 [-0.99950774 -0.03137321]]
 1557.40625
 1558.15625
 [[ 0.0358485  -0.99935724]
 [-0.99935724 -0.0358485 ]]
 1.1111111111111112
 2.111111111111111
 [[ 0.  1.]
 [ 1.  0.]]
 497.87999999999994
 497.35999999999996
 [[ 0.04486161 -0.99899321]
 [-0.99899321 -0.04486161]]
 22307.11111111111
 22306.77777777778
 [[ 0.01339146 -0.99991033]
 [-0.99991033 -0.01339146]]
 1.25
 2.25
 [[ 0.  1.]
 [ 1.  0.]]
 6025.920000000002
 6026.320000000001
 [[ 0.02231513 -0.99975099]
 [-0.99975099 -0.02231513]]
 2791.0555555555557
 2791.7222222222226
 [[ 0.02677451 -0.9996415 ]
 [-0.9996415  -0.02677451]]
 1026.2857142857142
 1027.142857142857
 [[ 0.0312304  -0.99951221]
 [-0.99951221 -0.0312304 ]]
 3141.625
 3142.125
 [[ 0.03569011 -0.99936291]
 [-0.99936291 -0.03569011]]
 1242.2469135802467
 1243.0246913580247
 [[ 0.04014259 -0.99919396]
 [-0.99919396 -0.04014259]]
 1514.6000000000004
 1504.9
 [[ 0.04462536 -0.99900379]
 [-0.99900379 -0.04462536]]
 51080.0
 51080.0
 [[ 0.00442465 -0.99999021]
 [-0.99999021 -0.00442465]]
 38315.0
 38313.0
 [[ 0.00884898 -0.99996085]
 [-0.99996085 -0.00884898]]
 6389.0
 6389.0
 [[ 0.01769496 -0.99984343]
 [-0.99984343 -0.01769496]]
 2841.0555555555557
 2841.722222222222
 [[ 0.02653776 -0.99964781]
 [-0.99964781 -0.02653776]]
 4184.0
 4170.0
 [[ 0.030965   -0.99952047]
 [-0.99952047 -0.030965  ]]
 206126.0
 206123.0
 [[ 0.00440522 -0.9999903 ]
 [-0.9999903  -0.00440522]]
 12885.25
 12885.75
 [[ 0.00880989 -0.99996119]
 [-0.99996119 -0.00880989]]
 11454.88888888889
 11455.222222222224
 [[ 0.01321432 -0.99991269]
 [-0.99991269 -0.01321432]]
 1.25
 2.25
 [[ 0.  1.]
 [ 1.  0.]]
 4125.919999999998
 4126.5199999999995
 [[ 0.02202002 -0.99975753]
 [-0.99975753 -0.02202002]]
 1433.6944444444448
 1434.527777777778
 [[ 0.02641942 -0.99965095]
 [-0.99965095 -0.02641942]]
 1053.8979591836735
 1054.7551020408164
 [[ 0.03081817 -0.99952501]
 [-0.99952501 -0.03081817]]
 2423.0
 2416.0
 [[ 0.03523324 -0.99937912]
 [-0.99937912 -0.03523324]]
 155964.0
 155959.0
 [[ 0.00438587 -0.99999038]
 [-0.99999038 -0.00438587]]
 17334.66666666667
 17333.666666666668
 [[ 0.01315625 -0.99991345]
 [-0.99991345 -0.01315625]]
 4163.520000000002
 4163.320000000001
 [[ 0.02192139 -0.9997597 ]
 [-0.9997597  -0.02192139]]
 1628.421875
 1624.0625
 [[ 0.03508513 -0.99938433]
 [-0.99938433 -0.03508513]]
 2.0
 3.0
 [[ 0.  1.]
 [ 1.  0.]]
 39336.75
 39336.25
 [[ 0.00873318 -0.99996187]
 [-0.99996187 -0.00873318]]
 23315.444444444453
 23313.777777777777
 [[ 0.01309894 -0.99991421]
 [-0.99991421 -0.01309894]]
 8396.55999999999
 8396.759999999998
 [[ 0.02182834 -0.99976173]
 [-0.99976173 -0.02182834]]
 2916.8888888888887
 2917.555555555555
 [[ 0.02619039 -0.99965697]
 [-0.99965697 -0.02619039]]
 1.1428571428571428
 2.142857142857143
 [[ 0.  1.]
 [ 1.  0.]]
 819.875
 818.0625
 [[ 0.03494543 -0.99938922]
 [-0.99938922 -0.03494543]]
 26454.5
 26454.5
 [[ 0.00869516 -0.9999622 ]
 [-0.9999622  -0.00869516]]
 23521.11111111111
 23518.111111111113
 [[ 0.01304181 -0.99991495]
 [-0.99991495 -0.01304181]]
 1.1666666666666667
 2.166666666666667
 [[ 0.  1.]
 [ 1.  0.]]
 1081.8775510204084
 1082.734693877551
 [[ 0.03041668 -0.99953731]
 [-0.99953731 -0.03041668]]
 -2.609375
 -1.59375
 [[ 0.99939709 -0.03471968]
 [ 0.03471968  0.99939709]]
 2510.5
 2502.1875
 [[ 0.03461826 -0.99940061]
 [-0.99940061 -0.03461826]]
 2.25
 3.25
 [[ 0.  1.]
 [ 1.  0.]]
 -2.5432098765432096
 -1.530864197530864
 [[ 0.99950621 -0.03142191]
 [ 0.03142191  0.99950621]]
 12071.222222222223
 12069.555555555557
 [[ 0.01287305 -0.99991714]
 [-0.99991714 -0.01287305]]
 4438.897959183672
 4438.183673469388
 [[ 0.03002647 -0.9995491 ]
 [-0.9995491  -0.03002647]]
 1634.5199999999995
 1630.6399999999999
 [[ 0.04289749 -0.99907948]
 [-0.99907948 -0.04289749]]
 12175.0
 12173.333333333334
 [[ 0.01281806 -0.99991785]
 [-0.99991785 -0.01281806]]
 2239.224489795917
 2239.3673469387754
 [[ 0.02989543 -0.99955303]
 [-0.99955303 -0.02989543]]
 548.15
 547.52
 [[ 0.04275109 -0.99908575]
 [-0.99908575 -0.04275109]]
 6138.777777777778
 6139.444444444444
 [[ 0.01276422 -0.99991853]
 [-0.99991853 -0.01276422]]
 13812.5
 13812.5
 [[ 0.0170185  -0.99985517]
 [-0.99985517 -0.0170185 ]]
 2211.3999999999996
 2212.2
 [[ 0.02126986 -0.99977377]
 [-0.99977377 -0.02126986]]
 6141.944444444445
 6142.277777777777
 [[ 0.0255229  -0.99967424]
 [-0.99967424 -0.0255229 ]]
 1129.326530612245
 1130.1836734693877
 [[ 0.02977026 -0.99955677]
 [-0.99955677 -0.02977026]]
 3457.1875
 3457.6875
 [[ 0.03402162 -0.9994211 ]
 [-0.9994211  -0.03402162]]
 1366.913580246914
 1367.6913580246915
 [[ 0.03826671 -0.99926756]
 [-0.99926756 -0.03826671]]
 553.04
 552.3
 [[ 0.04256132 -0.99909386]
 [-0.99909386 -0.04256132]]
 13930.25
 13930.25
 [[ 0.01694641 -0.9998564 ]
 [-0.9998564  -0.01694641]]
 2230.24
 2231.04
 [[ 0.02117979 -0.99977568]
 [-0.99977568 -0.02117979]]
 6195.1111111111095
 6194.777777777778
 [[ 0.02541415 -0.99967701]
 [-0.99967701 -0.02541415]]
 872.5
 873.375
 [[ 0.03387399 -0.99942611]
 [-0.99942611 -0.03387399]]
 2769.51851851852
 2749.925925925926
 [[ 0.03811724 -0.99927327]
 [-0.99927327 -0.03811724]]
 25181.777777777766
 25181.44444444444
 [[ 0.01260387 -0.99992057]
 [-0.99992057 -0.01260387]]
 3542.75
 3543.5
 [[ 0.01680316 -0.99985882]
 [-0.99985882 -0.01680316]]
 9069.040000000008
 9069.240000000002
 [[ 0.02100331 -0.99977941]
 [-0.99977941 -0.02100331]]
 6299.611111111113
 6299.944444444444
 [[ 0.02520141 -0.99968239]
 [-0.99968239 -0.02520141]]
 4629.714285714283
 4630.142857142857
 [[ 0.02939814 -0.99956778]
 [-0.99956778 -0.02939814]]
 1.125
 2.125
 [[ 0.  1.]
 [ 1.  0.]]
 2102.3703703703704
 2103.037037037037
 [[ 0.03778612 -0.99928585]
 [-0.99928585 -0.03778612]]
 2274.3900000000012
 2268.68
 [[ 0.04199279 -0.99911791]
 [-0.99911791 -0.04199279]]
 6349.444444444446
 6350.111111111112
 [[ 0.01255065 -0.99992124]
 [-0.99992124 -0.01255065]]
 10715.1875
 10715.4375
 [[ 0.01673367 -0.99985998]
 [-0.99985998 -0.01673367]]
 2287.2400000000002
 2288.04
 [[ 0.0209141  -0.99978128]
 [-0.99978128 -0.0209141 ]]
 3176.8888888888896
 3177.555555555556
 [[ 0.02509538 -0.99968506]
 [-0.99968506 -0.02509538]]
 3501.775510204081
 3502.3469387755104
 [[ 0.02927495 -0.9995714 ]
 [-0.9995714  -0.02927495]]
 3575.6875
 3576.1875
 [[ 0.0334529 -0.9994403]
 [-0.9994403 -0.0334529]]
 707.4197530864197
 708.3086419753087
 [[ 0.03762432 -0.99929195]
 [-0.99929195 -0.03762432]]
 1145.7000000000003
 1143.3300000000002
 [[ 0.04183018 -0.99912474]
 [-0.99912474 -0.04183018]]
 12808.0
 12805.666666666666
 [[ 0.0124974 -0.9999219]
 [-0.9999219 -0.0124974]]
 1804.859375
 1799.625
 [[ 0.03332648 -0.99944452]
 [-0.99944452 -0.03332648]]
 12910.88888888889
 12911.22222222222
 [[ 0.01244685 -0.99992253]
 [-0.99992253 -0.01244685]]
 14526.5
 14526.5
 [[ 0.01659494 -0.99986229]
 [-0.99986229 -0.01659494]]
 9298.96
 9299.16
 [[ 0.02074198 -0.99978486]
 [-0.99978486 -0.02074198]]
 1.1666666666666667
 2.166666666666667
 [[ 0.  1.]
 [ 1.  0.]]
 3560.551020408164
 3561.1224489795923
 [[ 0.02903223 -0.99957848]
 [-0.99957848 -0.02903223]]
 1820.28125
 1814.765625
 [[ 0.03318596 -0.99944919]
 [-0.99944919 -0.03318596]]
 3662.75
 3663.5
 [[ 0.01652554 -0.99986344]
 [-0.99986344 -0.01652554]]
 4688.719999999999
 4689.32
 [[ 0.02065587 -0.99978664]
 [-0.99978664 -0.02065587]]
 1.1666666666666667
 2.166666666666667
 [[ 0.  1.]
 [ 1.  0.]]
 4812.4285714285725
 4776.285714285715
 [[ 0.02891703 -0.99958182]
 [-0.99958182 -0.02891703]]
 26467.11111111111
 26466.777777777777
 [[ 0.012294   -0.99992443]
 [-0.99992443 -0.012294  ]]
 11168.0
 11168.25
 [[ 0.01639087 -0.99986566]
 [-0.99986566 -0.01639087]]
 4766.480000000001
 4767.08
 [[ 0.02048664 -0.99979013]
 [-0.99979013 -0.02048664]]
 6620.944444444449
 6621.277777777777
 [[ 0.02458211 -0.99969781]
 [-0.99969781 -0.02458211]]
 4865.795918367348
 4866.224489795918
 [[ 0.02867588 -0.99958876]
 [-0.99958876 -0.02867588]]
 -3.453125
 -2.4375
 [[ 0.99960412 -0.02813555]
 [ 0.02813555  0.99960412]]
 1.3333333333333333
 2.333333333333333
 [[ 0.  1.]
 [ 1.  0.]]
 1.25
 2.25
 [[ 0.  1.]
 [ 1.  0.]]
 2403.3999999999996
 2404.2
 [[ 0.02040222 -0.99979185]
 [-0.99979185 -0.02040222]]
 1.1666666666666667
 2.166666666666667
 [[ 0.  1.]
 [ 1.  0.]]
 3679.5714285714294
 3680.1428571428573
 [[ 0.02855867 -0.99959212]
 [-0.99959212 -0.02855867]]
 2825.3125
 2814.84375
 [[ 0.03263571 -0.99946731]
 [-0.99946731 -0.03263571]]
 1900.625
 1887.0625
 [[ 0.03250974 -0.99947142]
 [-0.99947142 -0.03250974]]
 1.2
 2.2
 [[ 0.  1.]
 [ 1.  0.]]
 1710.083333333333
 1704.3888888888887
 [[ 0.02418889 -0.99970741]
 [-0.99970741 -0.02418889]]
 1.4
 2.4
 [[ 0.  1.]
 [ 1.  0.]]
 2534.081632653062
 2534.795918367347
 [[ 0.02809976 -0.99960512]
 [-0.99960512 -0.02809976]]
 3889.84375
 3876.796875
 [[ 0.03211508 -0.99948418]
 [-0.99948418 -0.03211508]]
 10009.0
 10006.8
 [[ 0.0199944  -0.99980009]
 [-0.99980009 -0.0199944 ]]
 1546.5432098765436
 1547.320987654321
 [[ 0.03597411 -0.99935272]
 [-0.99935272 -0.03597411]]
 1881.1899999999987
 1876.8
 [[ 0.03998302 -0.99920036]
 [-0.99920036 -0.03998302]]
 21005.66666666667
 21005.666666666668
 [[ 0.01195115 -0.99992858]
 [-0.99992858 -0.01195115]]
 15756.5
 15756.5
 [[ 0.01593398 -0.99987305]
 [-0.99987305 -0.01593398]]
 1.2
 2.2
 [[ 0.  1.]
 [ 1.  0.]]
 5254.75
 5255.25
 [[ 0.0238968  -0.99971443]
 [-0.99971443 -0.0238968 ]]
 3861.775510204083
 3862.3469387755104
 [[ 0.02787658 -0.99961137]
 [-0.99961137 -0.02787658]]
 1972.15625
 1972.90625
 [[ 0.03185431 -0.99949252]
 [-0.99949252 -0.03185431]]
 1.1111111111111112
 2.111111111111111
 [[ 0.  1.]
 [ 1.  0.]]
 630.5999999999999
 629.8
 [[ 0.03985363 -0.99920553]
 [-0.99920553 -0.03985363]]
 7058.666666666666
 7059.333333333333
 [[ 0.01190336 -0.99992915]
 [-0.99992915 -0.01190336]]
 3971.5
 3972.25
 [[ 0.01587002 -0.99987406]
 [-0.99987406 -0.01587002]]
 10166.64
 10166.84
 [[ 0.01983698 -0.99980323]
 [-0.99980323 -0.01983698]]
 5296.666666666668
 5297.166666666667
 [[ 0.02380203 -0.99971669]
 [-0.99971669 -0.02380203]]
 3892.5714285714294
 3893.1428571428573
 [[ 0.02776605 -0.99961445]
 [-0.99961445 -0.02776605]]
 1987.875
 1988.625
 [[ 0.03172805 -0.99949654]
 [-0.99949654 -0.03172805]]
 2356.4444444444453
 2357.1111111111113
 [[ 0.03568985 -0.99936291]
 [-0.99936291 -0.03568985]]
 1274.0900000000001
 1271.06
 [[ 0.03966705 -0.99921295]
 [-0.99921295 -0.03966705]]
 5131.4000000000015
 5113.8
 [[ 0.01976209 -0.99980471]
 [-0.99980471 -0.01976209]]
 258830.0
 257816.0
 [[ 0.00393698 -0.99999225]
 [-0.99999225 -0.00393698]]
 -255.0
 -253.0
 [[ 0.99999231 -0.00392148]
 [ 0.00392148  0.99999231]]
 -256.0
 -254.0
 [[ 0.99999237 -0.00390616]
 [ 0.00390616  0.99999237]]
 132357.0
 131845.0
 [[ 0.00389102 -0.99999243]
 [-0.99999243 -0.00389102]]
 133388.0
 132874.0
 [[ 0.00387594 -0.99999249]
 [-0.99999249 -0.00387594]]
 -257.0
 -255.0
 [[ 0.99999243 -0.00389096]
 [ 0.00389096  0.99999243]]
 22542.66666666667
 22539.666666666668
 [[ 0.01153701 -0.99993345]
 [-0.99993345 -0.01153701]]
 1381.8775510204084
 1382.7346938775513
 [[ 0.02691054 -0.99963785]
 [-0.99963785 -0.02691054]]
 1.125
 2.125
 [[ 0.  1.]
 [ 1.  0.]]
 835.2222222222224
 833.6913580246915
 [[ 0.03462252 -0.99940046]
 [-0.99940046 -0.03462252]]
 15144.0
 15143.0
 [[ 0.01149273 -0.99993396]
 [-0.99993396 -0.01149273]]
 3788.0
 3788.6666666666665
 [[ 0.02298142 -0.99973589]
 [-0.99973589 -0.02298142]]
 4175.244897959183
 4175.816326530612
 [[ 0.02680937 -0.99964056]
 [-0.99964056 -0.02680937]]
 3197.671875
 3198.296875
 [[ 0.03063576 -0.99953062]
 [-0.99953062 -0.03063576]]
 1685.333333333333
 1686.111111111111
 [[ 0.03446    -0.99940608]
 [-0.99940608 -0.03446   ]]
 1365.92
 1363.1100000000001
 [[ 0.03830585 -0.99926606]
 [-0.99926606 -0.03830585]]
 30518.444444444453
 30515.44444444444
 [[ 0.01144926 -0.99993446]
 [-0.99993446 -0.01144926]]
 1.6666666666666667
 2.666666666666667
 [[ 0.  1.]
 [ 1.  0.]]
 -2.33
 -1.3200000000000003
 [[ 0.99954751 -0.03007959]
 [ 0.03007959  0.99954751]]
 15374.88888888889
 15375.222222222224
 [[ 0.01140585 -0.99993495]
 [-0.99993495 -0.01140585]]
 1.25
 2.25
 [[ 0.  1.]
 [ 1.  0.]]
 2769.16
 2769.96
 [[ 0.0190066  -0.99981936]
 [-0.99981936 -0.0190066 ]]
 1.1666666666666667
 2.166666666666667
 [[ 0.  1.]
 [ 1.  0.]]
 1413.8979591836733
 1414.7551020408162
 [[ 0.02660386 -0.99964605]
 [-0.99964605 -0.02660386]]
 1083.015625
 1083.890625
 [[ 0.03040068 -0.99953779]
 [-0.99953779 -0.03040068]]
 2566.259259259259
 2566.925925925926
 [[ 0.03419903 -0.99941504]
 [-0.99941504 -0.03419903]]
 2776.6399999999994
 2769.5299999999997
 [[ 0.03800364 -0.9992776 ]
 [-0.9992776  -0.03800364]]
 4358.5
 4359.25
 [[ 0.01514891 -0.99988525]
 [-0.99988525 -0.01514891]]
 5579.280000000001
 5579.879999999999
 [[ 0.01893532 -0.99982071]
 [-0.99982071 -0.01893532]]
 1938.3333333333335
 1939.1666666666667
 [[ 0.02271945 -0.99974188]
 [-0.99974188 -0.02271945]]
 1.1428571428571428
 2.142857142857143
 [[ 0.  1.]
 [ 1.  0.]]
 1091.25
 1092.125
 [[ 0.03028566 -0.99954128]
 [-0.99954128 -0.03028566]]
 2596.0987654320998
 2579.259259259259
 [[ 0.03407855 -0.99941916]
 [-0.99941916 -0.03407855]]
 17695.25
 17695.25
 [[ 0.01503568 -0.99988696]
 [-0.99988696 -0.01503568]]
 8495.52
 8495.92
 [[ 0.01879323 -0.99982339]
 [-0.99982339 -0.01879323]]
 7867.611111111113
 7867.944444444445
 [[ 0.02255018 -0.99974571]
 [-0.99974571 -0.02255018]]
 1446.2857142857142
 1447.142857142857
 [[ 0.02630408 -0.99965399]
 [-0.99965399 -0.02630408]]
 4427.875
 4428.375
 [[ 0.03006075 -0.99954807]
 [-0.99954807 -0.03006075]]
 874.1851851851851
 872.5802469135801
 [[ 0.03384125 -0.99942722]
 [-0.99942722 -0.03384125]]
 1.3333333333333333
 2.333333333333333
 [[ 0.  1.]
 [ 1.  0.]]
 8914.875
 8915.375
 [[ 0.01497917 -0.99988781]
 [-0.99988781 -0.01497917]]
 5706.719999999999
 5707.32
 [[ 0.01872265 -0.99982472]
 [-0.99982472 -0.01872265]]
 1.1666666666666667
 2.166666666666667
 [[ 0.  1.]
 [ 1.  0.]]
 2913.183673469387
 2913.8979591836737
 [[ 0.02620694 -0.99965654]
 [-0.99965654 -0.02620694]]
 1116.140625
 1117.015625
 [[ 0.02994575 -0.99955153]
 [-0.99955153 -0.02994575]]
 1763.5555555555552
 1764.3333333333333
 [[ 0.03368661 -0.99943245]
 [-0.99943245 -0.03368661]]
 1429.3399999999997
 1426.4099999999999
 [[ 0.03744541 -0.99929867]
 [-0.99929867 -0.03744541]]
 7987.111111111111
 7985.777777777777
 [[ 0.01119006 -0.99993739]
 [-0.99993739 -0.01119006]]
 1440.0499999999993
 1437.1
 [[ 0.03730574 -0.9993039 ]
 [-0.9993039  -0.03730574]]
 32167.11111111111
 32166.77777777778
 [[ 0.01115161 -0.99993782]
 [-0.99993782 -0.01115161]]
 9048.875
 9049.375
 [[ 0.01486783 -0.99988947]
 [-0.99988947 -0.01486783]]
 8688.119999999999
 8688.52
 [[ 0.01858372 -0.99982731]
 [-0.99982731 -0.01858372]]
 2012.361111111111
 2013.1944444444446
 [[ 0.02229744 -0.99975138]
 [-0.99975138 -0.02229744]]
 4434.836734693876
 4435.408163265306
 [[ 0.02601266 -0.99966161]
 [-0.99966161 -0.02601266]]
 1.125
 2.125
 [[ 0.  1.]
 [ 1.  0.]]
 1.1111111111111112
 2.111111111111111
 [[ 0.  1.]
 [ 1.  0.]]
 2177.800000000001
 2172.54
 [[ 0.03715938 -0.99930935]
 [-0.99930935 -0.03715938]]
 9116.25
 9116.75
 [[ 0.01481278 -0.99989028]
 [-0.99989028 -0.01481278]]
 2918.3999999999996
 2919.2
 [[ 0.01851408 -0.9998286 ]
 [-0.9998286  -0.01851408]]
 4053.5
 4054.1666666666665
 [[ 0.02221582 -0.9997532 ]
 [-0.9997532  -0.02221582]]
 1490.0408163265308
 1490.8979591836735
 [[ 0.02591473 -0.99966416]
 [-0.99966416 -0.02591473]]
 3421.6875
 3422.3125
 [[ 0.02961555 -0.99956136]
 [-0.99956136 -0.02961555]]
 901.0617283950618
 895.8888888888889
 [[ 0.03333165 -0.99944435]
 [-0.99944435 -0.03333165]]
 8882.879999999997
 8883.279999999999
 [[ 0.01837883 -0.99983109]
 [-0.99983109 -0.01837883]]
 -6.749999999999999
 -5.722222222222221
 [[ 0.99976739 -0.02156767]
 [ 0.02156767  0.99976739]]
 1.4
 2.4
 [[ 0.  1.]
 [ 1.  0.]]
 1.1428571428571428
 2.142857142857143
 [[ 0.  1.]
 [ 1.  0.]]
 4673.96875
 4659.421875
 [[ 0.02929383 -0.99957084]
 [-0.99957084 -0.02929383]]
 1.8
 2.8
 [[ 0.  1.]
 [ 1.  0.]]
 929.0864197530865
 929.9753086419753
 [[ 0.03282508 -0.99946111]
 [-0.99946111 -0.03282508]]
 1505.1500000000005
 1502.0800000000002
 [[ 0.03648915 -0.99933405]
 [-0.99933405 -0.03648915]]
 16809.555555555555
 16809.88888888889
 [[ 0.01090823 -0.9999405 ]
 [-0.9999405  -0.01090823]]
 4729.0625
 4729.8125
 [[ 0.01454315 -0.99989424]
 [-0.99989424 -0.01454315]]
 1.2
 2.2
 [[ 0.  1.]
 [ 1.  0.]]
 1.1666666666666667
 2.166666666666667
 [[ 0.  1.]
 [ 1.  0.]]
 4634.673469387753
 4635.244897959184
 [[ 0.02544552 -0.99967621]
 [-0.99967621 -0.02544552]]
 3549.421875
 3550.046875
 [[ 0.02907758 -0.99957716]
 [-0.99957716 -0.02907758]]
 1.1111111111111112
 2.111111111111111
 [[ 0.  1.]
 [ 1.  0.]]
 756.84
 755.8
 [[ 0.03637349 -0.99933827]
 [-0.99933827 -0.03637349]]
 16932.0
 16932.333333333332
 [[ 0.01086871 -0.99994093]
 [-0.99994093 -0.01086871]]
 9525.75
 9526.25
 [[ 0.01449085 -0.999895  ]
 [-0.999895   -0.01449085]]
 9145.920000000002
 9146.32
 [[ 0.01811257 -0.99983595]
 [-0.99983595 -0.01811257]]
 4235.5
 4236.166666666667
 [[ 0.02173314 -0.99976381]
 [-0.99976381 -0.02173314]]
 4668.408163265307
 4668.979591836735
 [[ 0.02535339 -0.99967855]
 [-0.99967855 -0.02535339]]
 1192.5
 1193.375
 [[ 0.0289703  -0.99958027]
 [-0.99958027 -0.0289703 ]]
 2825.7777777777774
 2826.4444444444443
 [[ 0.03259009 -0.9994688 ]
 [-0.9994688  -0.03259009]]
 762.75
 761.5
 [[ 0.0362321 -0.9993434]
 [-0.9993434 -0.0362321]]
 3070.72
 3060.88
 [[ 0.0180488  -0.99983711]
 [-0.99983711 -0.0180488 ]]
 19327.25
 19327.25
 [[ 0.01438681 -0.9998965 ]
 [-0.9998965  -0.01438681]]
 1.2
 2.2
 [[ 0.  1.]
 [ 1.  0.]]
 4297.055555555557
 4297.722222222223
 [[ 0.02157687 -0.99976719]
 [-0.99976719 -0.02157687]]
 3161.3877551020396
 3152.204081632653
 [[ 0.02517647 -0.99968302]
 [-0.99968302 -0.02517647]]
 34602.666666666686
 34602.333333333336
 [[ 0.01075196 -0.9999422 ]
 [-0.9999422  -0.01075196]]
 9733.875
 9734.375
 [[ 0.01433508 -0.99989725]
 [-0.99989725 -0.01433508]]
 12460.55999999999
 12460.759999999998
 [[ 0.01791798 -0.99983946]
 [-0.99983946 -0.01791798]]
 6491.416666666668
 6491.916666666667
 [[ 0.02149985 -0.99976885]
 [-0.99976885 -0.02149985]]
 1.1428571428571428
 2.142857142857143
 [[ 0.  1.]
 [ 1.  0.]]
 1217.0
 1214.28125
 [[ 0.0286769  -0.99958873]
 [-0.99958873 -0.0286769 ]]
 2.6666666666666665
 3.6666666666666665
 [[ 0.  1.]
 [ 1.  0.]]
 1225.734375
 1223.0
 [[ 0.02857446 -0.99959167]
 [-0.99959167 -0.02857446]]
 2.6666666666666665
 3.6666666666666665
 [[ 0.  1.]
 [ 1.  0.]]
 -3.40625
 -2.390625
 [[ 0.99959564 -0.02843521]
 [ 0.02843521  0.99959564]]
 3737.984375
 3727.65625
 [[ 0.02836217 -0.99959771]
 [-0.99959771 -0.02836217]]
 17801.555555555547
 17801.888888888887
 [[ 0.01059991 -0.99994382]
 [-0.99994382 -0.01059991]]
 15021.6875
 15021.9375
 [[ 0.01413263 -0.99990013]
 [-0.99990013 -0.01413263]]
 3205.9600000000005
 3206.76
 [[ 0.01766399 -0.99984398]
 [-0.99984398 -0.01766399]]
 8904.61111111111
 8904.944444444443
 [[ 0.02119625 -0.99977533]
 [-0.99977533 -0.02119625]]
 1.1428571428571428
 2.142857142857143
 [[ 0.  1.]
 [ 1.  0.]]
 1253.640625
 1254.515625
 [[ 0.02825445 -0.99960076]
 [-0.99960076 -0.02825445]]
 -3.1728395061728394
 -2.1604938271604937
 [[ 0.99964409 -0.02667771]
 [ 0.02667771  0.99964409]]
 17927.555555555555
 17927.88888888889
 [[ 0.01056259 -0.99994421]
 [-0.99994421 -0.01056259]]
 20170.25
 20170.25
 [[ 0.01408294 -0.99990083]
 [-0.99990083 -0.01408294]]
 6456.079999999998
 6456.679999999999
 [[ 0.01760236 -0.99984507]
 [-0.99984507 -0.01760236]]
 6726.0
 6726.5
 [[ 0.02112152 -0.99977692]
 [-0.99977692 -0.02112152]]
 1648.326530612245
 1649.1836734693877
 [[ 0.02463827 -0.99969643]
 [-0.99969643 -0.02463827]]
 5046.625
 5047.125
 [[ 0.02815715 -0.99960351]
 [-0.99960351 -0.02815715]]
 997.9753086419752
 998.8641975308642
 [[ 0.03167071 -0.99949836]
 [-0.99949836 -0.03167071]]
 808.15
 806.52
 [[ 0.03519835 -0.99938035]
 [-0.99938035 -0.03519835]]
 1271.640625
 1272.390625
 [[ 0.02805361 -0.99960642]
 [-0.99960642 -0.02805361]]
 812.41
 808.65
 [[ 0.03510552 -0.99938361]
 [-0.99938361 -0.03510552]]
 10.0
 11.0
 [[ 0.  1.]
 [ 1.  0.]]
 2477.2000000000007
 2472.3
 [[ 0.03483479 -0.99939308]
 [-0.99939308 -0.03483479]]
 165894.0
 165893.0
 [[ 0.00347218 -0.99999397]
 [-0.99999397 -0.00347218]]
 20739.0
 20739.5
 [[ 0.00694411 -0.99997589]
 [-0.99997589 -0.00694411]]
 18436.0
 18436.333333333332
 [[ 0.01041591 -0.99994575]
 [-0.99994575 -0.01041591]]
 15557.0
 15557.25
 [[ 0.01388733 -0.99990357]
 [-0.99990357 -0.01388733]]
 6639.720000000001
 6639.92
 [[ 0.01735745 -0.99984935]
 [-0.99984935 -0.01735745]]
 1.1428571428571428
 2.142857142857143
 [[ 0.  1.]
 [ 1.  0.]]
 1298.25
 1299.125
 [[ 0.02776439 -0.99961449]
 [-0.99961449 -0.02776439]]
 2051.333333333334
 2052.1111111111113
 [[ 0.03123306 -0.99951213]
 [-0.99951213 -0.03123306]]
 3327.3899999999994
 3320.0799999999995
 [[ 0.0347097  -0.99939744]
 [-0.99939744 -0.0347097 ]]
 41765.0
 41765.0
 [[ 0.00692017 -0.99997606]
 [-0.99997606 -0.00692017]]
 18564.222222222226
 18564.555555555555
 [[ 0.01037988 -0.99994613]
 [-0.99994613 -0.01037988]]
 10443.875
 10444.375
 [[ 0.01383917 -0.99990423]
 [-0.99990423 -0.01383917]]
 3343.2400000000002
 3344.04
 [[ 0.01729741 -0.99985039]
 [-0.99985039 -0.01729741]]
 2322.3611111111113
 2323.1944444444443
 [[ 0.02075528 -0.99978459]
 [-0.99978459 -0.02075528]]
 5118.1020408163295
 5118.673469387756
 [[ 0.02421368 -0.99970681]
 [-0.99970681 -0.02421368]]
 2613.40625
 2614.15625
 [[ 0.02766974 -0.99961712]
 [-0.99961712 -0.02766974]]
 4138.518518518518
 4126.592592592593
 [[ 0.03112932 -0.99951537]
 [-0.99951537 -0.03112932]]
